2019-08-26	SÅLT	TEVA	23	7,55	1 666,71	SEK	9,65	71 563,79	632123766 	
2019-08-26	SÅLT	QHC	150	1,09	1 567,41	SEK	9,64	69 897,08	632123738 	
2019-08-26	SÅLT	TEVA	25	7,51	1 801,80	SEK	9,64	68 329,67	632123280 	
	2019-08-26	SÅLT	TEVA	20	7,45	1 428,06	SEK	9,64	66 527,87	632123264 	
	2019-08-26	SÅLT	TEVA	25	7,33	1 756,90	SEK	9,64	65 099,81	632123037 	
	2019-08-26	SÅLT	FTR	200	0,7953	1 524,82	SEK	9,64	63 342,91	632122754 	
	2019-08-26	KÖPT	CYH	90	1,85	-1 623,25	SEK	9,70	61 818,09	632121980 	
	2019-08-26	SÅLT	MQ	750	2,3950	1 792,00	SEK	1,00	63 441,34	632067766 	
	2019-08-23	KÖPT	RAD	30	5,31	-1 545,38	SEK	9,64	61 649,34	632018381 	
	2019-08-23	KÖPT	FTR	250	0,7520	-1 823,38	SEK	9,65	63 194,72	632017587 	
	2019-08-23	KÖPT	FTR	250	0,76	-1 842,68	SEK	9,65	65 018,10	632017386 	
	2019-08-23	KÖPT	GE	22	7,92	-1 690,86	SEK	9,65	66 860,78	632016716 	
	2019-08-23	KÖPT	QHC	150	1,04	-1 521,51	SEK	9,70	68 551,64	632016619 	
	2019-08-23	KÖPT	CYH	90	1,9299	-1 695,06	SEK	9,71	70 073,15	632015427 	
	2019-08-23	KÖPT	MQ	750	2,32	-1 744,00	SEK	1,00	71 768,21	631990232 	
	2019-08-23	KÖPT	MQ	750	2,3350	-1 756,00	SEK	1,00	73 512,21	631979512 	
	2019-08-23	SÅLT	MQ	750	2,37	1 773,00	SEK	1,00	75 268,21	631975502 	
	2019-08-23	SÅLT	MQ	5	2,33	11,00	SEK	1,00	73 495,21	631971005 	
	2019-08-23	KÖPT	MQ	5	2,34	-13,00	SEK	1,00	73 484,21	631970200 	
	2019-08-23	SÅLT	MQ	5	2,33	11,00	SEK	1,00	73 497,21	631970199 	
	2019-08-23	SÅLT	MQ	5	2,3350	11,00	SEK	1,00	73 486,21	631963650 	
	2019-08-23	SÅLT	MQ	750	2,34	1 751,00	SEK	1,00	73 475,21	631962594 	
	2019-08-23	SÅLT	MQ	750	2,32	1 736,00	SEK	1,00	71 724,21	631961379 	
	2019-08-23	SÅLT	MQ	750	2,30	1 721,00	SEK	1,00	69 988,21	631960575 	
	2019-08-23	SÅLT	MQ	750	2,31	1 728,00	SEK	1,00	68 267,21	631956820 	
	2019-08-22	SÅLT	TEVA	25	7,45	1 787,89	SEK	9,65	66 539,21	631903762 	
	2019-08-22	SÅLT	MQ	750	2,30	1 721,00	SEK	1,00	64 751,32	631895786 	
	2019-08-21	SÅLT	TEVA	25	7,43	1 774,74	SEK	9,60	63 030,32	631808005 	
	2019-08-21	SÅLT	TEVA	25	7,44	1 777,15	SEK	9,60	61 255,58	631808004 	
	2019-08-21	SÅLT	TEVA	20	7,45	1 422,36	SEK	9,61	59 478,43	631807727 	
	2019-08-21	SÅLT	TEVA	25	7,34	1 752,85	SEK	9,60	58 056,07	631807261 	
	2019-08-21	KÖPT	MQ	750	2,23	-1 677,00	SEK	1,00	56 303,22	631794598 	
	2019-08-21	KÖPT	MQ	5	2,28	-12,00	SEK	1,00	57 980,22	631785652 	
	2019-08-21	SÅLT	MQ	5	2,24	10,00	SEK	1,00	57 992,22	631785651 	
	2019-08-21	KÖPT	MQ	5	2,28	-12,00	SEK	1,00	57 982,22	631784366 	
	2019-08-21	KÖPT	MQ	5	2,3050	-13,00	SEK	1,00	57 994,22	631783380 	
	2019-08-21	KÖPT	MQ	5	2,3050	-13,00	SEK	1,00	58 007,22	631781381 	
	2019-08-21	KÖPT	MQ	5	2,3050	-13,00	SEK	1,00	58 020,22	631775167 	
	2019-08-21	SÅLT	MQ	5	2,24	10,00	SEK	1,00	58 033,22	631774919 	
	2019-08-21	SÅLT	MQ	750	2,31	1 728,00	SEK	1,00	58 023,22	631752853 	
	2019-08-20	SÅLT	TEVA	25	7,2719	1 754,20	SEK	9,70	56 295,22	631703718 	
	2019-08-20	SÅLT	TEVA	25	7,24	1 746,45	SEK	9,70	54 541,02	631703716 	
	2019-08-20	SÅLT	TEVA	25	7,3701	1 777,10	SEK	9,69	52 794,57	631703183 	
	2019-08-20	SÅLT	TEVA	25	7,37	1 777,10	SEK	9,69	51 017,47	631702971 	
	2019-08-20	SÅLT	QHC	150	1,12	1 620,43	SEK	9,70	49 240,37	631702824 	
	2019-08-20	SÅLT	TEVA	25	7,35	1 773,78	SEK	9,70	47 619,94	631702492 	
	2019-08-20	SÅLT	TEVA	35	7,26	2 456,32	SEK	9,70	45 846,16	631702491 	
	2019-08-20	SÅLT	TEVA	25	7,25	1 749,52	SEK	9,70	43 389,84	631702487 	
	2019-08-20	SÅLT	TEVA	25	7,15	1 725,27	SEK	9,70	41 640,32	631702486 	
	2019-08-20	SÅLT	TEVA	25	7,05	1 701,01	SEK	9,70	39 915,05	631702481 	
	2019-08-20	SÅLT	TEVA	25	6,95	1 676,75	SEK	9,70	38 214,04	631702477 	
	2019-08-20	SÅLT	TEVA	25	6,85	1 652,50	SEK	9,70	36 537,29	631702476 	
	2019-08-20	SÅLT	MQ	25	2,2850	56,00	SEK	1,00	34 884,79	631688386 	
	2019-08-19	SÅLT	QHC	150	1,14	1 640,18	SEK	9,64	34 828,79	631593546 	
	2019-08-19	KÖPT	FTR	200	0,8086	-1 576,53	SEK	9,69	33 188,61	631592562 	
	2019-08-19	SÅLT	TEVA	25	6,75	1 617,55	SEK	9,64	34 765,14	631590387 	
	2019-08-19	SÅLT	RAD	50	5,80	2 786,26	SEK	9,64	33 147,59	631590265 	
	2019-08-19	SÅLT	TEVA	25	6,65	1 593,46	SEK	9,64	30 361,33	631590134 	
	2019-08-19	KÖPT	MQ	750	2,26	-1 699,00	SEK	1,00	28 767,87	631573858 	
	2019-08-19	KÖPT	MQ	750	2,28	-1 714,00	SEK	1,00	30 466,87	631572131 	
	2019-08-19	KÖPT	MQ	750	2,3050	-1 733,00	SEK	1,00	32 180,87	631541409 	
	2019-08-19	KÖPT	MQ	750	2,31	-1 737,00	SEK	1,00	33 913,87	631540893 	
	2019-08-16	KÖPT	QHC	200	1,0172	-1 977,06	SEK	9,67	35 650,87	631469550 	
	2019-08-16	SÅLT	TEVA	25	6,43	1 538,33	SEK	9,63	37 627,93	631469481 	
	2019-08-16	SÅLT	FTR	210	0,8102	1 628,71	SEK	9,63	36 089,60	631469328 	
	2019-08-16	SÅLT	FTR	240	0,8103	1 862,91	SEK	9,63	34 460,89	631469327 	
	2019-08-16	SÅLT	FTR	200	0,81	1 550,36	SEK	9,63	32 597,98	631469326 	
	2019-08-16	SÅLT	FTR	250	0,7950	1 905,09	SEK	9,63	31 047,62	631469325 	
	2019-08-16	SÅLT	TEVA	35	6,38	2 141,53	SEK	9,63	29 142,53	631469232 	
	2019-08-16	SÅLT	FTR	250	0,78	1 869,82	SEK	9,63	27 001,00	631469117 	
	2019-08-16	SÅLT	FTR	250	0,77	1 845,73	SEK	9,63	25 131,18	631469116 	
	2019-08-16	SÅLT	FTR	250	0,76	1 822,68	SEK	9,64	23 285,45	631468853 	
	2019-08-16	SÅLT	FTR	250	0,7550	1 810,63	SEK	9,64	21 462,77	631468852 	
	2019-08-16	SÅLT	FTR	250	0,7395	1 773,32	SEK	9,64	19 652,14	631468677 	
	2019-08-16	SÅLT	QHC	100	1,09	1 043,92	SEK	9,66	17 878,82	631466954 	
	2019-08-16	SÅLT	GE	30	8,49	2 451,35	SEK	9,66	16 834,90	631466092 	
	2019-08-16	KÖPT	MQ	750	2,25	-1 692,00	SEK	1,00	14 383,55	631410996 	
	2019-08-16	KÖPT	MQ	750	2,26	-1 699,00	SEK	1,00	16 075,55	631410995 	
	2019-08-15	KÖPT	QHC	200	1,06	-2 058,66	SEK	9,67	17 774,55	631345967 	
	2019-08-15	KÖPT	GE	30	7,76	-2 260,55	SEK	9,67	19 833,21	631345301 	
	2019-08-15	KÖPT	TEVA	30	6,1150	-1 783,26	SEK	9,67	22 093,76	631345291 	
	2019-08-15	SÅLT	FTR	250	0,74	1 771,33	SEK	9,62	23 877,02	631345211 	
	2019-08-15	SÅLT	FTR	225	0,7350	1 582,51	SEK	9,62	22 105,69	631345209 	
	2019-08-15	SÅLT	FTR	225	0,7275	1 566,25	SEK	9,62	20 523,18	631345208 	
	2019-08-15	SÅLT	FTR	225	0,7274	1 566,06	SEK	9,62	18 956,93	631345207 	
	2019-08-15	KÖPT	TEVA	30	6,13	-1 788,62	SEK	9,68	17 390,87	631342791 	
	2019-08-15	KÖPT	RAD	30	5,3481	-1 558,64	SEK	9,66	19 179,49	631342211 	
	2019-08-15	KÖPT	TEVA	30	6,26	-1 822,90	SEK	9,66	20 738,13	631342052 	
	2019-08-15	SÅLT	MQ	750	2,31	1 728,00	SEK	1,00	22 561,03	631328598 	
	2019-08-15	SÅLT	MQ	750	2,31	1 728,00	SEK	1,00	20 833,03	631282611 	
	2019-08-15	SÅLT	ABB	10	176,30	1 759,00	SEK	1,00	19 105,03	631282600 	
	2019-08-15	SÅLT	MQ	176	2,33	409,00	SEK	1,00	17 346,03	631274606 	
	2019-08-15	SÅLT	MQ	600	2,36	1 412,00	SEK	1,00	16 937,03	631264592 	
	2019-08-14	KÖPT	RAD	30	5,82	-1 694,29	SEK	9,65	15 525,03	631199195 	
	2019-08-14	KÖPT	TEVA	30	6,31	-1 837,83	SEK	9,66	17 219,32	631198550 	
	2019-08-14	KÖPT	TEVA	25	6,36	-1 543,74	SEK	9,65	19 057,15	631197593 	
	2019-08-14	KÖPT	TEVA	25	6,42	-1 558,87	SEK	9,66	20 600,89	631197584 	
	2019-08-14	KÖPT	TEVA	25	6,46	-1 566,34	SEK	9,64	22 159,76	631196632 	
	2019-08-14	KÖPT	RAD	40	6,07	-2 345,88	SEK	9,62	23 726,10	631195535 	
	2019-08-14	KÖPT	FTR	350	0,6750	-2 282,84	SEK	9,62	26 071,98	631195500 	
	2019-08-14	KÖPT	FTR	300	0,70	-2 030,19	SEK	9,62	28 354,82	631195499 	
	2019-08-14	KÖPT	FTR	250	0,71	-1 717,38	SEK	9,62	30 385,01	631195498 	
	2019-08-14	KÖPT	FTR	200	0,7210	-1 396,43	SEK	9,62	32 102,39	631195006 	
	2019-08-14	KÖPT	FTR	200	0,7310	-1 415,68	SEK	9,62	33 498,82	631195005 	
	2019-08-14	KÖPT	FTR	250	0,7415	-1 792,65	SEK	9,62	34 914,50	631194836 	
	2019-08-14	KÖPT	TEVA	25	6,52	-1 578,92	SEK	9,63	36 707,15	631194372 	
	2019-08-14	KÖPT	TEVA	25	6,55	-1 586,14	SEK	9,63	38 286,07	631194371 	
	2019-08-14	KÖPT	TEVA	25	6,62	-1 603,00	SEK	9,63	39 872,21	631194370 	
	2019-08-14	KÖPT	TEVA	25	6,67	-1 615,04	SEK	9,63	41 475,21	631194368 	
	2019-08-14	KÖPT	TEVA	25	6,67	-1 615,04	SEK	9,63	43 090,25	631194367 	
	2019-08-14	KÖPT	TEVA	25	6,72	-1 627,08	SEK	9,63	44 705,29	631194366 	
	2019-08-13	KÖPT	FTR	250	0,7573	-1 818,58	SEK	9,56	46 332,37	631072698 	
	2019-08-13	SÅLT	FTR	250	0,7998	1 893,77	SEK	9,52	48 150,95	631072376 	
	2019-08-13	KÖPT	MQ	10	2,33	-24,00	SEK	1,00	46 257,18	631032595 	
	2019-08-13	KÖPT	MQ	10	2,3450	-24,00	SEK	1,00	46 281,18	631029266 	
	2019-08-13	KÖPT	MQ	10	2,3450	-24,00	SEK	1,00	46 305,18	631026484 	
	2019-08-12	SÅLT	FTR	200	0,7825	1 485,13	SEK	9,55	46 329,18	630961495 	
	2019-08-12	SÅLT	FTR	200	0,7922	1 503,56	SEK	9,55	44 844,05	630961494 	
	2019-08-12	SÅLT	FTR	200	0,79	1 499,52	SEK	9,55	43 340,49	630961245 	
	2019-08-12	SÅLT	FTR	200	0,7790	1 478,51	SEK	9,55	41 840,97	630960977 	
	2019-08-12	SÅLT	FTR	200	0,7752	1 471,26	SEK	9,55	40 362,46	630960976 	
	2019-08-12	KÖPT	FTR	300	0,7250	-2 096,70	SEK	9,60	38 891,20	630960752 	
	2019-08-12	KÖPT	FTR	200	0,76	-1 467,99	SEK	9,60	40 987,90	630960489 	
	2019-08-12	KÖPT	FTR	200	0,7525	-1 453,59	SEK	9,60	42 455,89	630960488 	
	2019-08-12	KÖPT	FTR	250	0,75	-1 807,99	SEK	9,59	43 909,48	630960260 	
	2019-08-12	KÖPT	FTR	200	0,7750	-1 496,76	SEK	9,60	45 717,47	630960259 	
	2019-08-12	KÖPT	FTR	200	0,8050	-1 554,35	SEK	9,60	47 214,23	630959752 	
	2019-08-12	KÖPT	FTR	200	0,8250	-1 592,74	SEK	9,60	48 768,58	630959539 	
	2019-08-09	KÖPT	FTR	100	0,8718	-843,20	SEK	9,57	50 361,32	630862169 	
	2019-08-09	KÖPT	FTR	175	0,8716	-1 468,60	SEK	9,57	51 204,52	630862168 	
	2019-08-09	KÖPT	TEVA	25	7,04	-1 689,82	SEK	9,55	52 673,12	630861017 	
	2019-08-09	KÖPT	MQ	750	2,3050	-1 733,00	SEK	1,00	54 362,94	630846093 	
	2019-08-09	KÖPT	MQ	750	2,3250	-1 748,00	SEK	1,00	56 095,94	630845840 	
	2019-08-08	SÅLT	FTR	175	0,9270	1 542,57	SEK	9,56	57 843,94	630752521 	
	2019-08-08	SÅLT	TEVA	25	7,34	1 744,41	SEK	9,56	56 301,37	630751633 	
	2019-08-08	KÖPT	FTR	200	0,8650	-1 669,96	SEK	9,60	54 556,96	630751039 	
	2019-08-08	KÖPT	FTR	175	0,9150	-1 549,42	SEK	9,62	56 226,92	630750546 	
	2019-08-08	SÅLT	TEVA	25	7,39	1 758,80	SEK	9,57	57 776,34	630749925 	
	2019-08-08	SÅLT	TEVA	25	7,32	1 742,06	SEK	9,57	56 017,54	630749921 	
	2019-08-08	SÅLT	TEVA	25	7,25	1 725,31	SEK	9,57	54 275,48	630749649 	
	2019-08-08	SÅLT	TEVA	25	7,18	1 708,57	SEK	9,57	52 550,17	630749648 	
	2019-08-08	SÅLT	TEVA	25	7,13	1 696,61	SEK	9,57	50 841,60	630749646 	
	2019-08-08	KÖPT	TEVA	25	6,62	-1 602,30	SEK	9,63	49 144,99	630748905 	
	2019-08-08	KÖPT	TEVA	25	6,67	-1 614,34	SEK	9,63	50 747,29	630748904 	
	2019-08-08	KÖPT	TEVA	25	6,72	-1 626,37	SEK	9,63	52 361,63	630748903 	
	2019-08-08	KÖPT	TEVA	25	6,82	-1 650,44	SEK	9,63	53 988,00	630748667 	
	2019-08-07	SÅLT	TEVA	20	7,35	1 403,23	SEK	9,61	55 638,44	630644760 	
	2019-08-07	KÖPT	FTR	200	0,9350	-1 814,52	SEK	9,66	54 235,21	630644715 	
	2019-08-07	SÅLT	RAD	27	6,96	1 795,38	SEK	9,60	56 049,73	630644387 	
	2019-08-07	SÅLT	TEVA	20	7,25	1 383,27	SEK	9,60	54 254,35	630644260 	
	2019-08-07	KÖPT	TEVA	25	6,82	-1 656,22	SEK	9,66	52 871,08	630642828 	
	2019-08-07	SÅLT	TEVA	25	7,15	1 707,58	SEK	9,60	54 527,30	630642817 	
	2019-08-07	SÅLT	TEVA	25	7,05	1 683,57	SEK	9,60	52 819,72	630642812 	
	2019-08-07	SÅLT	TEVA	25	6,95	1 659,56	SEK	9,60	51 136,15	630642573 	
	2019-08-07	SÅLT	TEVA	25	6,85	1 635,55	SEK	9,60	49 476,59	630642564 	
	2019-08-07	SÅLT	TEVA	25	6,75	1 608,08	SEK	9,58	47 841,04	630641584 	
	2019-08-07	KÖPT	TEVA	25	6,42	-1 556,18	SEK	9,64	46 232,96	630641098 	
	2019-08-07	SÅLT	TEVA	25	6,64	1 583,22	SEK	9,59	47 789,14	630640631 	
	2019-08-07	SÅLT	TEVA	25	6,55	1 561,63	SEK	9,59	46 205,92	630640622 	
	2019-08-07	KÖPT	TEVA	25	6,35	-1 539,31	SEK	9,64	44 644,29	630640379 	
	2019-08-07	KÖPT	FTR	150	0,96	-1 397,12	SEK	9,64	46 183,60	630640070 	
	2019-08-07	KÖPT	TEVA	25	6,45	-1 563,41	SEK	9,64	47 580,72	630639953 	
	2019-08-07	KÖPT	TEVA	25	6,53	-1 582,69	SEK	9,64	49 144,13	630639947 	
	2019-08-07	KÖPT	TEVA	25	6,66	-1 614,02	SEK	9,64	50 726,82	630639937 	
	2019-08-07	KÖPT	TEVA	25	6,70	-1 623,66	SEK	9,64	52 340,84	630639918 	
	2019-08-07	SÅLT	FTR	150	1,02	1 458,52	SEK	9,59	53 964,50	630639649 	
	2019-08-07	SÅLT	FTR	150	1,01	1 444,14	SEK	9,59	52 505,98	630639648 	
	2019-08-07	SÅLT	FTR	150	1,00	1 429,75	SEK	9,59	51 061,84	630639647 	
	2019-08-07	SÅLT	FTR	150	1,00	1 429,75	SEK	9,59	49 632,09	630639646 	
	2019-08-06	SÅLT	CYH	75	2,14	1 526,33	SEK	9,57	48 202,34	630511005 	
	2019-08-06	KÖPT	RAD	27	6,54	-1 706,62	SEK	9,61	46 676,01	630510736 	
	2019-08-06	KÖPT	FTR	150	1,07	-1 551,77	SEK	9,61	48 382,63	630510313 	
	2019-08-06	KÖPT	TEVA	25	7,02	-1 695,95	SEK	9,61	49 934,40	630510105 	
	2019-08-06	KÖPT	TEVA	25	7,13	-1 722,39	SEK	9,61	51 630,35	630509869 	
	2019-08-06	KÖPT	TEVA	20	7,25	-1 402,14	SEK	9,61	53 352,74	630509632 	
	2019-08-06	KÖPT	TEVA	20	7,35	-1 421,36	SEK	9,61	54 754,88	630509625 	
	2019-08-06	SÅLT	CYH	75	2,1002	1 499,40	SEK	9,58	56 176,24	630508066 	
	2019-08-06	KÖPT	TEVA	25	7,52	-1 818,29	SEK	9,62	54 676,84	630507665 	
	2019-08-06	KÖPT	ABB	20	173,70	-3 483,00	SEK	1,00	56 495,13	630453372 	
	2019-08-05	SÅLT	CYH	70	1,91	1 272,15	SEK	9,58	59 978,13	630369651 	
	2019-08-05	SÅLT	TEVA	20	7,86	1 497,34	SEK	9,58	58 705,98	630369520 	
	2019-08-05	KÖPT	FTR	150	1,13	-1 640,69	SEK	9,63	57 208,64	630368196 	
	2019-08-05	KÖPT	TEVA	20	7,53	-1 460,47	SEK	9,64	58 849,33	630366131 	
	2019-08-05	KÖPT	CYH	80	1,86	-1 443,63	SEK	9,64	60 309,80	630364788 	
	2019-08-05	KÖPT	FTR	150	1,1683	-1 698,03	SEK	9,64	61 753,43	630364397 	
	2019-08-05	KÖPT	TEVA	20	7,62	-1 477,81	SEK	9,64	63 451,46	630363975 	
	2019-08-05	SÅLT	MQ	750	2,40	1 796,00	SEK	1,00	64 929,27	630350775 	
	2019-08-05	SÅLT	MQ	750	2,39	1 788,00	SEK	1,00	63 133,27	630311316 	
	2019-08-05	SÅLT	MQ	662	2,3650	1 562,00	SEK	1,00	61 345,27	630298935 	
	2019-08-02	KÖPT	FTR	150	1,17	-1 705,88	SEK	9,67	59 783,27	630110950 	
	2019-08-02	KÖPT	CYH	75	1,94	-1 416,48	SEK	9,67	61 489,15	630108925 	
	2019-08-02	SÅLT	MQ	88	2,3750	208,00	SEK	1,00	62 905,63	630078693 	
	2019-08-02	SÅLT	MQ	750	2,36	1 766,00	SEK	1,00	62 697,63	630078159 	
	2019-08-02	SÅLT	MQ	750	2,34	1 751,00	SEK	1,00	60 931,63	630067469 	
	2019-08-02	KÖPT	MQ	750	2,28	-1 714,00	SEK	1,00	59 180,63	630053443 	
	2019-08-02	KÖPT	MQ	750	2,2750	-1 711,00	SEK	1,00	60 894,63	630053441 	
	2019-08-02	KÖPT	MQ	750	2,2750	-1 711,00	SEK	1,00	62 605,63	630053191 	
	2019-08-02	KÖPT	MQ	750	2,28	-1 714,00	SEK	1,00	64 316,63	630053189 	
	2019-08-02	KÖPT	MQ	750	2,31	-1 737,00	SEK	1,00	66 030,63	630053188 	
	2019-08-02	KÖPT	MQ	750	2,33	-1 752,00	SEK	1,00	67 767,63	630053187 		
	2019-08-02	KÖPT	MQ	750	2,38	-1 789,00	SEK	1,00	69 519,63	630051401 	
	2019-08-01	KÖPT	FTR	150	1,24	-1 811,18	SEK	9,69	71 308,63	629971351 	
	2019-08-01	KÖPT	MQ	500	2,4150	-1 211,00	SEK	1,00	73 119,81	629929905 	
	2019-08-01	KÖPT	MQ	500	2,42	-1 213,00	SEK	1,00	74 330,81	629927922 	
	2019-08-01	KÖPT	MQ	500	2,4250	-1 216,00	SEK	1,00	75 543,81	629924646 	
	2019-08-01	SÅLT	MQ	750	2,49	1 863,00	SEK	1,00	76 759,81	629905581 	
	2019-08-01	SÅLT	MQ	750	2,4850	1 859,00	SEK	1,00	74 896,81	629905067 	
	2019-08-01	SÅLT	MQ	750	2,4850	1 859,00	SEK	1,00	73 037,81	629904554 	
	2019-07-31	SÅLT	TEVA	20	8,08	1 536,58	SEK	9,56	71 178,81	629821583 	
	2019-07-30	SÅLT	FTR	120	1,38	1 570,24	SEK	9,54	69 642,23	629691705 	
	2019-07-30	KÖPT	MQ	750	2,4250	-1 823,00	SEK	1,00	68 071,99	629635573 	
	2019-07-30	SÅLT	MQ	750	2,49	1 863,00	SEK	1,00	69 894,99	629626352 	
	2019-07-30	SÅLT	MQ	750	2,48	1 855,00	SEK	1,00	68 031,99	629626095 	
	2019-07-30	SÅLT	MQ	750	2,47	1 848,00	SEK	1,00	66 176,99	629625857 	
	2019-07-30	SÅLT	MQ	750	2,46	1 840,00	SEK	1,00	64 328,99	629625355 	
	2019-07-30	SÅLT	MQ	750	2,45	1 833,00	SEK	1,00	62 488,99	629622882 	
	2019-07-30	SÅLT	MQ	750	2,44	1 825,00	SEK	1,00	60 655,99	629622357 	
	2019-07-30	SÅLT	MQ	750	2,4250	1 814,00	SEK	1,00	58 830,99	629621625 	
	2019-07-29	SÅLT	FTR	120	1,34	1 513,27	SEK	9,47	57 016,99	629538720 	
	2019-07-29	SÅLT	TEVA	20	7,92	1 490,55	SEK	9,47	55 503,72	629538071 	
	2019-07-29	SÅLT	CYH	80	2,18	1 644,08	SEK	9,48	54 013,17	629535129 	
	2019-07-29	KÖPT	MQ	750	2,3550	-1 771,00	SEK	1,00	52 369,09	629506484 	
	2019-07-29	KÖPT	MQ	750	2,36	-1 774,00	SEK	1,00	54 140,09	629506228 	
	2019-07-29	SÅLT	MQ	750	2,43	1 818,00	SEK	1,00	55 914,09	629487104 	
	2019-07-29	SÅLT	MQ	750	2,42	1 810,00	SEK	1,00	54 096,09	629487103 	
	2019-07-29	SÅLT	MQ	750	2,41	1 803,00	SEK	1,00	52 286,09	629487102 	
	2019-07-29	SÅLT	MQ	750	2,40	1 796,00	SEK	1,00	50 483,09	629487100 	
	2019-07-29	SÅLT	MQ	750	2,40	1 796,00	SEK	1,00	48 687,09	629487099 	
	2019-07-29	SÅLT	MQ	750	2,39	1 788,00	SEK	1,00	46 891,09	629486640 	
	2019-07-29	SÅLT	MQ	750	2,39	1 788,00	SEK	1,00	45 103,09	629486639 	
	2019-07-29	SÅLT	MQ	500	2,37	1 182,00	SEK	1,00	43 315,09	629486387 	
	2019-07-29	SÅLT	MQ	500	2,35	1 172,00	SEK	1,00	42 133,09	629485815 	
	2019-07-29	SÅLT	MQ	500	2,35	1 172,00	SEK	1,00	40 961,09	629485811 	
	2019-07-26	SÅLT	CYH	80	2,13	1 606,43	SEK	9,48	39 789,09	629443514 	
	2019-07-26	KÖPT	FTR	120	1,26	-1 444,53	SEK	9,49	38 182,66	629440828 	
	2019-07-26	KÖPT	MQ	35	2,29	-81,00	SEK	1,00	39 627,19	629425499 	
	2019-07-26	KÖPT	MQ	330	2,28	-754,00	SEK	1,00	39 708,19	629423519 	
	2019-07-26	KÖPT	MQ	10	2,28	-24,00	SEK	1,00	40 462,19	629423518 	
	2019-07-26	KÖPT	MQ	550	2,2750	-1 254,00	SEK	1,00	40 486,19	629410184 	
	2019-07-26	KÖPT	MQ	10	2,2750	-24,00	SEK	1,00	41 740,19	629409944 	
	2019-07-25	KÖPT	TEVA	20	7,6792	-1 463,02	SEK	9,47	41 764,19	629359704 	
	2019-07-25	SÅLT	CYH	80	2,0250	1 518,33	SEK	9,43	43 227,21	629359360 	
	2019-07-25	KÖPT	MQ	10	2,2750	-24,00	SEK	1,00	41 708,88	629334430 	
	2019-07-24	SÅLT	TEVA	20	8,0601	1 506,35	SEK	9,40	41 732,88	629252664 	
	2019-07-23	KÖPT	CYH	80	2,06	-1 572,53	SEK	9,49	40 226,53	629157916 	
	2019-07-22	KÖPT	TEVA	20	7,5795	-1 439,36	SEK	9,44	41 799,06	629062683 	
	2019-07-22	KÖPT	TEVA	20	7,67	-1 455,33	SEK	9,43	43 238,42	629062665 	
	2019-07-22	KÖPT	MQ	10	2,3250	-24,00	SEK	1,00	44 693,75	629040627 	
	2019-07-22	SÅLT	MQ	10	2,30	22,00	SEK	1,00	44 717,75	629040626 	
	2019-07-22	KÖPT	MQ	383	2,24	-860,00	SEK	1,00	44 695,75	629017205 	
	2019-07-19	KÖPT	FTR	120	1,35	-1 531,86	SEK	9,40	45 555,75	628970650 	
	2019-07-19	KÖPT	MQ	367	2,24	-824,00	SEK	1,00	47 087,61	628959391 	
	2019-07-19	KÖPT	MQ	750	2,2650	-1 703,00	SEK	1,00	47 911,61	628959390 	
	2019-07-19	KÖPT	MQ	10	2,3150	-24,00	SEK	1,00	49 614,61	628948870 	
	2019-07-19	KÖPT	MQ	10	2,3150	-24,00	SEK	1,00	49 638,61	628941070 	
	2019-07-19	SÅLT	MQ	10	2,2650	22,00	SEK	1,00	49 662,61	628941069 	
	2019-07-19	KÖPT	MQ	10	2,34	-24,00	SEK	1,00	49 640,61	628931994 	
	2019-07-19	SÅLT	MQ	10	2,28	22,00	SEK	1,00	49 664,61	628931740 	
	2019-07-18	KÖPT	CYH	75	2,0579	-1 457,82	SEK	9,39	49 642,61	628867343 	
	2019-07-18	KÖPT	MQ	750	2,25	-1 692,00	SEK	1,00	51 100,43	628858838 	
	2019-07-18	KÖPT	MQ	750	2,28	-1 714,00	SEK	1,00	52 792,43	628858836 	
	2019-07-18	KÖPT	MQ	750	2,3050	-1 733,00	SEK	1,00	54 506,43	628855365 	
	2019-07-18	KÖPT	MQ	750	2,31	-1 737,00	SEK	1,00	56 239,43	628829640 	
	2019-07-18	KÖPT	MQ	750	2,33	-1 752,00	SEK	1,00	57 976,43	628819810 	
	2019-07-18	KÖPT	MQ	750	2,35	-1 767,00	SEK	1,00	59 728,43	628819808 	
	2019-07-17	KÖPT	TEVA	20	7,85	-1 484,37	SEK	9,40	61 495,43	628759130 	
	2019-07-17	KÖPT	TEVA	20	8,13	-1 536,99	SEK	9,40	62 979,80	628758612 	
	2019-07-17	KÖPT	TEVA	20	8,13	-1 536,99	SEK	9,40	64 516,79	628758611 	
	2019-07-16	KÖPT	TEVA	20	8,25	-1 563,48	SEK	9,42	66 053,78	628648384 	
	2019-07-16	KÖPT	CYH	70	2,3150	-1 534,01	SEK	9,41	67 617,26	628648078 	
	2019-07-16	SÅLT	DB	22	7,9406	1 628,32	SEK	9,37	69 151,27	628645560 	
	2019-07-16	SÅLT	MQ	750	2,49	1 863,00	SEK	1,00	67 522,95	628613017 	
	2019-07-16	SÅLT	MQ	750	2,48	1 855,00	SEK	1,00	65 659,95	628613016 	
	2019-07-16	KÖPT	MQ	750	2,31	-1 737,00	SEK	1,00	63 804,95	628604025 	
	2019-07-16	KÖPT	MQ	750	2,30	-1 729,00	SEK	1,00	65 541,95	628604024 	
	2019-07-16	KÖPT	MQ	750	2,32	-1 744,00	SEK	1,00	67 270,95	628600024 	
	2019-07-16	KÖPT	MQ	176	2,34	-413,00	SEK	1,00	69 014,95	628598538 	
	2019-07-15	KÖPT	TEVA	20	8,33	-1 572,71	SEK	9,39	69 427,95	628516190 	
	2019-07-15	KÖPT	TEVA	20	8,54	-1 612,13	SEK	9,39	71 000,66	628516183 	
	2019-07-15	KÖPT	TEVA	20	8,60	-1 623,39	SEK	9,39	72 612,79	628515682 	
	2019-07-15	KÖPT	TEVA	20	8,73	-1 647,80	SEK	9,39	74 236,18	628515676 	
	2019-07-15	KÖPT	MQ	574	2,34	-1 347,00	SEK	1,00	75 883,98	628504138 	
	2019-07-15	KÖPT	MQ	750	2,36	-1 774,00	SEK	1,00	77 230,98	628470772 	
	2019-07-12	SÅLT	TEVA	19	9,19	1 635,58	SEK	9,42	79 004,98	628420079 	
	2019-07-12	KÖPT	MQ	750	2,39	-1 797,00	SEK	1,00	77 369,40	628403260 	
	2019-07-12	KÖPT	MQ	750	2,42	-1 820,00	SEK	1,00	79 166,40	628382773 	
	2019-07-12	SÅLT	MQ	750	2,4950	1 867,00	SEK	1,00	80 986,40	628374859 	
	2019-07-11	KÖPT	CYH	80	2,41	-1 834,01	SEK	9,47	79 119,40	628332848 	
	2019-07-11	KÖPT	TEVA	19	8,9296	-1 614,97	SEK	9,47	80 953,41	628331987 	
	2019-07-11	KÖPT	MQ	418	2,4150	-1 012,00	SEK	1,00	82 568,38	628313689 	
	2019-07-11	SÅLT	MQ	750	2,4850	1 859,00	SEK	1,00	83 580,38	628279059 	
	2019-07-10	KÖPT	TEVA	19	9,06	-1 638,60	SEK	9,47	81 721,38	628210213 	
	2019-07-10	KÖPT	MQ	750	2,4150	-1 816,00	SEK	1,00	83 359,98	628195527 	
	2019-07-10	KÖPT	MQ	750	2,41	-1 812,00	SEK	1,00	85 175,98	628189998 	
	2019-07-10	KÖPT	MQ	750	2,42	-1 820,00	SEK	1,00	86 987,98	628189741 	
	2019-07-10	SÅLT	MQ	750	2,49	1 863,00	SEK	1,00	88 807,98	628168709 	
	2019-07-10	SÅLT	MQ	750	2,47	1 848,00	SEK	1,00	86 944,98	628168708 	
	2019-07-10	SÅLT	MQ	1 000	2,48	2 474,00	SEK	1,00	85 096,98	628168707 	
	2019-07-10	SÅLT	MQ	750	2,45	1 833,00	SEK	1,00	82 622,98	628168448 	
	2019-07-10	SÅLT	MQ	750	2,43	1 818,00	SEK	1,00	80 789,98	628166430 	
	2019-07-10	SÅLT	MQ	1 000	2,43	2 424,00	SEK	1,00	78 971,98	628166183 	
	2019-07-09	SÅLT	TEVA	20	9,3150	1 745,85	SEK	9,42	76 547,98	628128983 	
	2019-07-09	KÖPT	TEVA	20	8,93	-1 699,75	SEK	9,47	74 802,13	628127784 	
	2019-07-09	KÖPT	DB	22	7,34	-1 537,68	SEK	9,47	76 501,88	628127736 	
	2019-07-09	SÅLT	MQ	750	2,41	1 803,00	SEK	1,00	78 039,56	628122097 	
	2019-07-09	SÅLT	MQ	750	2,3950	1 792,00	SEK	1,00	76 236,56	628114128 	
	2019-07-09	SÅLT	MQ	750	2,39	1 788,00	SEK	1,00	74 444,56	628111391 	
	2019-07-09	SÅLT	MQ	750	2,3850	1 784,00	SEK	1,00	72 656,56	628111390 	
	2019-07-09	SÅLT	MQ	750	2,38	1 781,00	SEK	1,00	70 872,56	628111389 	
	2019-07-09	SÅLT	MQ	750	2,3750	1 777,00	SEK	1,00	69 091,56	628111388 	
	2019-07-09	SÅLT	MQ	750	2,38	1 781,00	SEK	1,00	67 314,56	628091156 	
	2019-07-09	SÅLT	MQ	750	2,39	1 788,00	SEK	1,00	65 533,56	628091155 	
	2019-07-09	SÅLT	MQ	750	2,37	1 773,00	SEK	1,00	63 745,56	628091153 	
	2019-07-09	SÅLT	MQ	750	2,35	1 758,00	SEK	1,00	61 972,56	628090780 	
	2019-07-09	SÅLT	MQ	750	2,34	1 751,00	SEK	1,00	60 214,56	628090405 	
	2019-07-08	KÖPT	TEVA	20	9,13	-1 737,46	SEK	9,47	58 463,56	628042789 	
	2019-07-08	KÖPT	TEVA	18	9,23	-1 581,65	SEK	9,47	60 201,02	628042050 	
	2019-07-08	KÖPT	TEVA	18	9,36	-1 603,80	SEK	9,47	61 782,67	628039141 	
	2019-07-08	SÅLT	MQ	750	2,32	1 736,00	SEK	1,00	63 386,47	628004100 	
	2019-07-08	SÅLT	MQ	750	2,29	1 713,00	SEK	1,00	61 650,47	627997617 	
	2019-07-08	SÅLT	MQ	130	2,27	294,00	SEK	1,00	59 937,47	627996386 	
	2019-07-08	SÅLT	MQ	750	2,28	1 706,00	SEK	1,00	59 643,47	627993369 	
	2019-07-05	KÖPT	TEVA	18	9,52	-1 630,65	SEK	9,46	57 937,47	627926993 	
	2019-07-05	SÅLT	TEVA	17	9,95	1 587,07	SEK	9,44	59 568,12	627924806 	
	2019-07-05	SÅLT	DB	25	8,15	1 908,15	SEK	9,41	57 981,05	627923866 	
	2019-07-05	SÅLT	TEVA	17	9,87	1 569,79	SEK	9,41	56 072,90	627923855 	
	2019-07-05	SÅLT	TEVA	17	9,87	1 569,79	SEK	9,41	54 503,11	627923854 	
	2019-07-05	SÅLT	MQ	750	2,32	1 736,00	SEK	1,00	52 933,32	627917181 	
	2019-07-05	SÅLT	MQ	750	2,33	1 743,00	SEK	1,00	51 197,32	627886210 	
	2019-07-05	SÅLT	MQ	1 000	2,33	2 324,00	SEK	1,00	49 454,32	627886209 	
	2019-07-05	SÅLT	MQ	1 000	2,29	2 284,00	SEK	1,00	47 130,32	627885723 	
	2019-07-05	SÅLT	MQ	750	2,28	1 706,00	SEK	1,00	44 846,32	627885722 	
	2019-07-05	SÅLT	MQ	1 000	2,25	2 244,00	SEK	1,00	43 140,32	627885721 	
	2019-07-05	SÅLT	MQ	750	2,25	1 683,00	SEK	1,00	40 896,32	627885720 	
	2019-07-05	KÖPT	MQ	750	2,13	-1 601,00	SEK	1,00	39 213,32	627880431 	
	2019-07-04	SÅLT	MQ	750	2,23	1 668,00	SEK	1,00	40 814,32	627667493 	
	2019-07-04	SÅLT	MQ	750	2,20	1 646,00	SEK	1,00	39 146,32	627664976 	
	2019-07-04	SÅLT	MQ	750	2,19	1 638,00	SEK	1,00	37 500,32	627663165 	
	2019-07-04	SÅLT	MQ	750	2,18	1 631,00	SEK	1,00	35 862,32	627660660 	
	2019-07-04	SÅLT	MQ	750	2,1850	1 635,00	SEK	1,00	34 231,32	627656890 	
	2019-07-04	SÅLT	MQ	750	2,1750	1 627,00	SEK	1,00	32 596,32	627653400 	
	2019-07-04	SÅLT	MQ	10	2,1450	20,00	SEK	1,00	30 969,32	627650161 	
	2019-07-03	SÅLT	TEVA	17	9,65	1 512,57	SEK	9,28	30 949,32	627549711 	
	2019-07-03	SÅLT	TEVA	17	9,57	1 501,00	SEK	9,28	29 436,75	627548065 	
	2019-07-03	SÅLT	TEVA	18	9,56	1 588,15	SEK	9,28	27 935,75	627548063 	
	2019-07-02	SÅLT	TEVA	18	9,45	1 573,91	SEK	9,31	26 347,60	627403343 	
	2019-07-02	KÖPT	MQ	750	2,03	-1 526,00	SEK	1,00	24 773,69	627378122 	
	2019-07-02	KÖPT	MQ	750	2,04	-1 534,00	SEK	1,00	26 299,69	627372061 	
	2019-07-02	KÖPT	MQ	750	2,05	-1 541,00	SEK	1,00	27 833,69	627364302 	
	2019-07-01	SÅLT	RAD	22	8,7223	1 775,15	SEK	9,30	29 374,69	627263570 	
	2019-07-01	SÅLT	TEVA	18	9,45	1 570,13	SEK	9,28	27 599,54	627261093 	
	2019-07-01	UTTAG	 	0	0,00	-2,20	SEK	1,00	26 029,41	 	
	2019-06-28	KAP. DEB RÄNTA	 	0	0,00	-0,46	SEK	1,00	26 031,61	 	
	2019-06-28	KÖPT	RAD	22	7,90	-1 626,56	SEK	9,31	26 032,07	627138066 	
	2019-06-28	KÖPT	MQ	750	1,97	-1 481,00	SEK	1,00	27 658,63	627092828 	
	2019-06-27	SÅLT	FTR	120	1,62	1 790,02	SEK	9,25	29 139,63	627043813 	
	2019-06-27	SÅLT	TEVA	17	9,13	1 427,83	SEK	9,26	27 349,61	627043551 	
	2019-06-27	SÅLT	FTR	100	1,5950	1 466,35	SEK	9,25	25 921,78	627043111 	
	2019-06-27	SÅLT	FTR	100	1,62	1 489,96	SEK	9,25	24 455,43	627043110 	
	2019-06-27	SÅLT	RAD	25	7,5351	1 733,48	SEK	9,25	22 965,47	627043086 	
	2019-06-27	KÖPT	RAD	25	7,4778	-1 746,92	SEK	9,30	21 231,99	627043085 	
	2019-06-27	SÅLT	RAD	19	7,3895	1 290,09	SEK	9,25	22 978,91	627042965 	
	2019-06-27	SÅLT	RAD	23	7,43	1 572,21	SEK	9,25	21 688,82	627042964 	
	2019-06-27	SÅLT	RAD	23	7,33	1 550,93	SEK	9,25	20 116,61	627042963 	
	2019-06-27	SÅLT	RAD	23	7,23	1 529,65	SEK	9,25	18 565,68	627042962 	
	2019-06-27	SÅLT	RAD	23	7,13	1 508,37	SEK	9,25	17 036,03	627042961 	
	2019-06-27	SÅLT	HM B	20	163,78	3 267,00	SEK	1,00	15 527,66	627029980 	
	2019-06-27	KÖPT	HM B	20	158,38	-3 176,00	SEK	1,00	12 260,66	627012999 	
	2019-06-26	SÅLT	FTR	120	1,63	1 797,73	SEK	9,24	15 436,66	626960103 	
	2019-06-26	SÅLT	FTR	120	1,58	1 743,10	SEK	9,24	13 638,93	626959866 	
	2019-06-26	SÅLT	RAD	23	6,97	1 474,14	SEK	9,25	11 895,83	626956832 	
	2019-06-26	UTTAG	 	0	0,00	-0,70	SEK	1,00	10 421,69	 	
	2019-06-25	SÅLT	FTR	70	1,5250	978,73	SEK	9,25	10 422,39	626868481 	
	2019-06-25	SÅLT	FTR	120	1,53	1 689,03	SEK	9,25	9 443,66	626868480 	
	2019-06-25	SÅLT	TEVA	20	8,7630	1 612,63	SEK	9,25	7 754,63	626868374 	
	2019-06-25	SÅLT	FTR	100	1,49	1 369,03	SEK	9,25	6 142,00	626868162 	
	2019-06-25	SÅLT	FTR	110	1,4850	1 501,75	SEK	9,25	4 772,97	626868161 	
	2019-06-25	SÅLT	RAD	23	6,92	1 462,36	SEK	9,24	3 271,22	626867721 	
	2019-06-25	SÅLT	TEVA	17	8,97	1 401,84	SEK	9,25	1 808,86	626867153 	
	2019-06-25	SÅLT	TEVA	17	8,92	1 391,48	SEK	9,24	407,02	626867149 	
	2019-06-25	SÅLT	CYH	75	2,66	1 833,49	SEK	9,24	-984,46	626866622 	
	2019-06-25	UTTAG	 	0	0,00	-4 663,00	SEK	1,00	-2 817,95	 	
	2019-06-25	KÖPT	MQ	10	1,99	-21,00	SEK	1,00	1 845,05	626854976 	
	2019-06-25	SÅLT	MQ	10	1,9920	19,00	SEK	1,00	1 866,05	626853716 	
	2019-06-24	KÖPT	RAD	26	6,38	-1 554,71	SEK	9,32	1 847,05	626774263 	
	2019-06-24	SÅLT	FTR	115	1,47	1 558,39	SEK	9,27	3 401,76	626774043 	
	2019-06-24	SÅLT	FTR	115	1,46	1 547,73	SEK	9,27	1 843,37	626774042 	
	2019-06-24	KÖPT	TEVA	19	8,25	-1 470,51	SEK	9,32	295,64	626773669 	
	2019-06-24	KÖPT	MQ	750	1,97	-1 481,00	SEK	1,00	1 766,15	626761029 	
	2019-06-24	KÖPT	MQ	750	1,98	-1 489,00	SEK	1,00	3 247,15	626759798 	
	2019-06-21	SÅLT	SDRL	50	4,26	1 987,13	SEK	9,37	4 736,15	626678206 	
	2019-06-21	KÖPT	FTR	125	1,33	-1 574,82	SEK	9,42	2 749,02	626678158 	
	2019-06-20	INS. KREDIT	 	0	0,00	4 567,50	SEK	1,00	4 323,84	 	
	2019-06-20	KÖPT	FTR	125	1,38	-1 636,28	SEK	9,43	-243,66	626652491 	
	2019-06-20	SÅLT	FTR	120	1,48	1 660,11	SEK	9,40	1 392,62	626651754 	
	2019-06-20	SÅLT	FTR	120	1,46	1 637,56	SEK	9,40	-267,49	626651753 	
	2019-06-20	SÅLT	FTR	120	1,45	1 626,28	SEK	9,40	-1 905,05	626651752 	
	2019-06-20	SÅLT	FTR	120	1,4520	1 628,53	SEK	9,40	-3 531,33	626651751 	
	2019-06-20	SÅLT	FTR	120	1,45	1 626,28	SEK	9,40	-5 159,86	626651750 	
	2019-06-20	SÅLT	FTR	120	1,4550	1 631,92	SEK	9,40	-6 786,14	626651749 	
	2019-06-20	SÅLT	FTR	125	1,43	1 670,92	SEK	9,40	-8 418,06	626651544 	
	2019-06-20	SÅLT	FTR	125	1,38	1 611,54	SEK	9,39	-10 088,98	626651091 	
	2019-06-20	SÅLT	CYH	75	2,68	1 877,48	SEK	9,39	-11 700,52	626650121 	
	2019-06-20	KÖPT	MQ	750	2,01	-1 511,00	SEK	1,00	-13 578,00	626633703 	
	2019-06-20	KÖPT	MQ	750	2,03	-1 526,00	SEK	1,00	-12 067,00	626632697 	
	2019-06-20	KÖPT	MQ	750	2,05	-1 541,00	SEK	1,00	-10 541,00	626630705 	
	2019-06-20	UTTAG	 	0	0,00	-9 000,00	SEK	1,00	-9 000,00	 	
	2019-06-19	INS. KREDIT	 	0	0,00	9 096,38	SEK	1,00	0,00	 	
	2019-06-19	KÖPT	FTR	150	1,21	-1 741,23	SEK	9,54	-9 096,38	626553617 	
	2019-06-19	KÖPT	FTR	150	1,25	-1 800,57	SEK	9,56	-7 355,15	626551609 	
	2019-06-19	KÖPT	FTR	130	1,28	-1 598,96	SEK	9,56	-5 554,58	626551037 	
	2019-06-19	KÖPT	MQ	750	2,06	-1 549,00	SEK	1,00	-3 955,62	626500525 	
	2019-06-19	KÖPT	MQ	750	2,13	-1 601,00	SEK	1,00	-2 406,62	626500025 	
	2019-06-19	KÖPT	MQ	750	2,13	-1 601,00	SEK	1,00	-805,62	626499725 	
	2019-06-19	KÖPT	MQ	750	2,17	-1 632,00	SEK	1,00	795,38	626499724 	
	2019-06-19	KÖPT	MQ	750	2,20	-1 654,00	SEK	1,00	2 427,38	626499238 	
	2019-06-18	KÖPT	FTR	120	1,31	-1 511,08	SEK	9,56	4 081,38	626454758 	
	2019-06-18	KÖPT	FTR	120	1,33	-1 534,01	SEK	9,56	5 592,46	626454757 	
	2019-06-18	KÖPT	CYH	70	2,58	-1 734,67	SEK	9,56	7 126,47	626452568 	
	2019-06-18	SÅLT	CYH	80	2,73	2 062,97	SEK	9,49	8 861,14	626451383 	
	2019-06-18	SÅLT	MQ	500	2,48	1 237,00	SEK	1,00	6 798,17	626426302 	
	2019-06-18	SÅLT	MQ	500	2,46	1 227,00	SEK	1,00	5 561,17	626426300 	
	2019-06-18	SÅLT	MQ	500	2,4274	1 211,00	SEK	1,00	4 334,17	626426010 	
	2019-06-17	KÖPT	FTR	120	1,40	-1 605,69	SEK	9,50	3 123,17	626332661 	
	2019-06-17	KÖPT	RAD	25	6,86	-1 638,95	SEK	9,50	4 728,86	626332506 	
	2019-06-17	KÖPT	CYH	80	2,53	-1 932,00	SEK	9,50	6 367,81	626330761 	
	2019-06-17	KÖPT	TEVA	25	7,96	-1 901,09	SEK	9,51	8 299,81	626329817 	
	2019-06-17	KÖPT	TEVA	20	8,13	-1 555,00	SEK	9,51	10 200,90	626329813 	
	2019-06-17	KÖPT	MQ	750	2,23	-1 677,00	SEK	1,00	11 755,90	626317640 	
	2019-06-17	KÖPT	MQ	500	2,29	-1 148,00	SEK	1,00	13 432,90	626306176 	
	2019-06-17	KÖPT	MQ	750	2,32	-1 744,00	SEK	1,00	14 580,90	626294662 	
	2019-06-17	KÖPT	MQ	500	2,33	-1 168,00	SEK	1,00	16 324,90	626286992 	
	2019-06-14	KÖPT	SDRL	25	3,13	-752,42	SEK	9,50	17 492,90	626243623 	
	2019-06-14	KÖPT	FTR	120	1,36	-1 561,10	SEK	9,51	18 245,32	626243550 	
	2019-06-14	KÖPT	FTR	120	1,43	-1 637,82	SEK	9,49	19 806,42	626243432 	
	2019-06-14	KÖPT	MQ	500	2,36	-1 183,00	SEK	1,00	21 444,24	626234657 	
	2019-06-14	KÖPT	MQ	750	2,41	-1 812,00	SEK	1,00	22 627,24	626234458 	
	2019-06-14	KÖPT	MQ	500	2,40	-1 203,00	SEK	1,00	24 439,24	626234272 	
	2019-06-14	KÖPT	MQ	500	2,43	-1 218,00	SEK	1,00	25 642,24	626234102 	
	2019-06-14	KÖPT	MQ	500	2,46	-1 233,00	SEK	1,00	26 860,24	626212860 	
	2019-06-14	KÖPT	MQ	500	2,48	-1 243,00	SEK	1,00	28 093,24	626212859 	
	2019-06-13	KÖPT	FTR	100	1,46	-1 397,65	SEK	9,51	29 336,24	626158114 	
	2019-06-12	KÖPT	FTR	120	1,4950	-1 711,48	SEK	9,49	30 733,89	626060291 	
	2019-06-12	KÖPT	FTR	100	1,56	-1 485,13	SEK	9,46	32 445,37	626059567 	
	2019-06-12	KÖPT	TEVA	20	8,33	-1 585,72	SEK	9,46	33 930,50	626058471 	
	2019-06-12	KÖPT	FTR	100	1,63	-1 551,08	SEK	9,46	35 516,22	626058370 	
	2019-06-11	KÖPT	RAD	20	7,13	-1 360,11	SEK	9,47	37 067,30	625964562 	
	2019-06-11	KÖPT	RAD	23	7,36	-1 611,12	SEK	9,46	38 427,41	625963164 	
	2019-06-07	KÖPT	FTR	100	1,73	-1 639,04	SEK	9,42	40 038,53	625782769 	
	2019-06-05	SÅLT	FTR	80	1,9650	1 471,21	SEK	9,42	41 677,57	625602765 	
	2019-06-05	SÅLT	SDRL	25	3,89	905,06	SEK	9,40	40 206,36	625601989 	
	2019-06-04	SÅLT	FTR	100	1,9810	1 853,78	SEK	9,40	39 301,30	625393244 	
	2019-06-04	SÅLT	TEVA	18	9,63	1 621,68	SEK	9,41	37 447,52	625392902 	
	2019-06-04	KÖPT	SDRL	50	4,11	-1 957,38	SEK	9,48	35 825,84	625391977 	
	2019-06-04	SÅLT	RAD	20	8,78	1 647,59	SEK	9,43	37 783,22	625391537 	
	2019-06-04	SÅLT	RAD	20	8,6195	1 617,30	SEK	9,43	36 135,63	625391536 	
	2019-06-04	SÅLT	RAD	20	8,61	1 615,51	SEK	9,43	34 518,33	625391535 	
	2019-06-04	SÅLT	RAD	20	8,05	1 510,75	SEK	9,44	32 902,82	625389079 	
	2019-06-04	SÅLT	RAD	20	7,96	1 493,76	SEK	9,44	31 392,07	625388884 	
	2019-06-03	SÅLT	RAD	20	7,86	1 477,25	SEK	9,45	29 898,31	625262110 	
	2019-05-31	TYSK SOL SKATT UTD	DB	25	0,00	-0,40	SEK	1,00	28 421,06	 	
	2019-05-31	UTL KUPSKATT	DB	25	0,00	-7,31	SEK	1,00	28 421,46	 	
	2019-05-31	UTDELNING	DB	25	0,11	29,25	SEK	1,00	28 428,77	 	
	2019-05-31	KÖPT	TEVA	20	8,66	-1 664,43	SEK	9,56	28 399,52	625101284 	
	2019-05-30	SÅLT	RAD	20	7,73	1 460,70	SEK	9,51	30 063,95	624964329 	
	2019-05-30	KÖPT	CYH	80	2,77	-2 126,19	SEK	9,55	28 603,25	624964147 	
	2019-05-30	SÅLT	RAD	20	7,6701	1 449,29	SEK	9,51	30 729,44	624963583 	
	2019-05-29	KÖPT	RAD	23	7,13	-1 584,17	SEK	9,61	29 280,15	624951607 	
	2019-05-29	KÖPT	TEVA	20	9,13	-1 765,67	SEK	9,62	30 864,32	624948670 	
	2019-05-28	KÖPT	TEVA	20	9,56	-1 844,18	SEK	9,60	32 629,99	624796326 	
	2019-05-28	KÖPT	RAD	20	7,25	-1 397,55	SEK	9,58	34 474,17	624795249 	
	2019-05-28	KÖPT	TEVA	20	10,08	-1 939,56	SEK	9,58	35 871,72	624794885 	
	2019-05-28	KÖPT	MQ	500	2,50	-1 253,00	SEK	1,00	37 811,28	624771701 	
	2019-05-24	KÖPT	RAD	20	7,35	-1 414,36	SEK	9,56	39 064,28	624593587 	
	2019-05-24	OMVANDLING INLÄGG VP	MQ	7 000	0,00	17 500,00	SEK	1,00	40 478,64	 	
	2019-05-24	OMVANDLING UTTAG VP	MQ BTA	7 000	0,00	0,00	SEK	1,00	40 478,64	 	
	2019-05-23	KÖPT	RAD	20	7,50	-1 455,16	SEK	9,64	40 478,64	624493678 	
	2019-05-23	KÖPT	FTR	95	1,76	-1 623,08	SEK	9,65	41 933,80	624492272 	
	2019-05-23	KÖPT	RAD	20	7,70	-1 499,94	SEK	9,68	43 556,88	624491034 	
	2019-05-23	KÖPT	FTR	90	1,85	-1 623,66	SEK	9,70	45 056,82	624490808 	
	2019-05-23	KÖPT	FTR	85	1,88	-1 558,69	SEK	9,70	46 680,48	624490653 	
	2019-05-23	KÖPT	RAD	20	7,90	-1 540,47	SEK	9,69	48 239,17	624490561 	
	2019-05-22	KÖPT	RAD	20	8,10	-1 572,73	SEK	9,65	49 779,64	624379337 	
	2019-05-22	KÖPT	RAD	20	8,30	-1 613,14	SEK	9,66	51 352,37	624377921 	
	2019-05-22	KÖPT	RAD	20	8,30	-1 613,14	SEK	9,66	52 965,51	624377920 	
	2019-05-20	KÖPT	MQ	500	2,56	-1 283,00	SEK	1,00	54 578,65	624154039 	
	2019-05-20	KÖPT	MQ	500	2,53	-1 268,00	SEK	1,00	55 861,65	624152798 	
	2019-05-17	KÖPT	FTR	80	1,93	-1 501,43	SEK	9,67	57 129,65	624062553 	
	2019-05-17	KÖPT	FTR	90	1,97	-1 722,78	SEK	9,67	58 631,08	624062311 	
	2019-05-17	SÅLT	RAD	20	9,52	1 820,97	SEK	9,61	60 353,86	624061648 	
	2019-05-17	SÅLT	MQ	500	2,90	1 446,00	SEK	1,00	58 532,89	624031939 	
	2019-05-17	SÅLT	MQ	500	2,83	1 411,00	SEK	1,00	57 086,89	624031763 	
	2019-05-17	TECKNING LIKVID	MQ BTA	7 000	2,50	-17 500,00	SEK	1,00	55 675,89	 	
	2019-05-17	TECKNING INLÄGG VP	MQ BTA	7 000	2,50	-17 500,00	SEK	1,00	73 175,89	 	
	2019-05-17	TECKNING UT RÄTTER	MQ TR	7 000	0,00	0,00	SEK	1,00	73 175,89	 	
	2019-05-16	KÖPT	TEVA	15	11,43	-1 666,68	SEK	9,67	73 175,89	623985893 	
	2019-05-16	SÅLT	RAD	20	9,40	1 795,23	SEK	9,60	74 842,57	623983151 	
	2019-05-16	SÅLT	RAD	20	9,30	1 775,48	SEK	9,59	73 047,34	623983150 	
	2019-05-16	SÅLT	RAD	20	9,20	1 756,29	SEK	9,59	71 271,86	623982923 	
	2019-05-16	SÅLT	RAD	20	9,10	1 737,10	SEK	9,59	69 515,57	623982797 	
	2019-05-15	KÖPT	TEVA	20	11,35	-2 191,96	SEK	9,62	67 778,47	623847550 	
	2019-05-14	SÅLT	RAD	15	8,81	1 256,48	SEK	9,58	69 970,43	623725690 	
	2019-05-14	SÅLT	RAD	20	8,94	1 702,42	SEK	9,57	68 713,95	623725188 	
	2019-05-14	SÅLT	RAD	20	8,80	1 676,67	SEK	9,58	67 011,53	623724442 	
	2019-05-14	SÅLT	RAD	20	8,60	1 638,36	SEK	9,58	65 334,86	623724193 	
	2019-05-14	SÅLT	RAD	20	8,40	1 599,16	SEK	9,57	63 696,50	623722557 	
	2019-05-14	SÅLT	MQ TRF/X	746	0,0373	27,00	SEK	1,00	62 097,34	623642673 	
	2019-05-13	SÅLT	RAD	20	8,27	1 580,18	SEK	9,61	62 070,34	623608720 	
	2019-05-13	SÅLT	RAD	20	8,24	1 574,42	SEK	9,61	60 490,16	623608719 	
	2019-05-13	SÅLT	RAD	20	8,20	1 566,73	SEK	9,61	58 915,74	623608718 	
	2019-05-13	KÖPT	TEVA	12	12,60	-1 467,47	SEK	9,65	57 349,01	623606056 	
	2019-05-13	KÖPT	MQ	500	2,63	-1 318,00	SEK	1,00	58 816,48	623596092 	
	2019-05-13	EM INLÄGG VP	MQ TRF/X	746	0,00	0,00	SEK	1,00	60 134,48	 	
	2019-05-13	EM UTTAG VP	MQ TR	746	0,00	0,00	SEK	1,00	60 134,48	 	
	2019-05-09	SÅLT	RAD	20	7,90	1 512,14	SEK	9,63	60 134,48	623351722 	
	2019-05-09	KÖPT	RAD	20	7,45	-1 449,06	SEK	9,66	58 622,34	623350249 	
	2019-05-09	KÖPT	RAD	20	7,63	-1 483,21	SEK	9,66	60 071,40	623348523 	
	2019-05-09	KÖPT	RAD	20	7,86	-1 530,99	SEK	9,68	61 554,61	623347611 	
	2019-05-08	KÖPT	MQ	500	2,76	-1 383,00	SEK	1,00	63 085,60	623173463 	
	2019-05-07	KÖPT	RAD	18	8,03	-1 400,31	SEK	9,63	64 468,60	623106415 	
	2019-05-07	KÖPT	RAD	18	8,2099	-1 429,78	SEK	9,61	65 868,91	623106186 	
	2019-05-07	KÖPT	RAD	18	8,39	-1 461,75	SEK	9,62	67 298,69	623103238 	
	2019-05-07	KÖPT	MQ	500	2,85	-1 429,00	SEK	1,00	68 760,44	623045401 	
	2019-05-07	KÖPT	MQ	500	2,95	-1 479,00	SEK	1,00	70 189,44	623039693 	
	2019-05-07	KÖPT	MQ	500	3,05	-1 529,00	SEK	1,00	71 668,44	623038459 	
	2019-05-06	KÖPT	RAD	18	8,62	-1 502,62	SEK	9,63	73 197,44	622942019 	
	2019-05-06	KÖPT	MQ	500	3,00	-1 504,00	SEK	1,00	74 700,06	622862229 	
	2019-05-06	KÖPT	MQ	500	3,05	-1 529,00	SEK	1,00	76 204,06	622860133 	
	2019-05-06	KÖPT	MQ	500	3,15	-1 579,00	SEK	1,00	77 733,06	622849278 	
	2019-05-03	KÖPT	FTR	100	2,05	-1 977,03	SEK	9,60	79 312,06	622674273 	
	2019-05-03	KÖPT	MQ	500	3,23	-1 619,00	SEK	1,00	81 289,09	622629132 	
	2019-05-03	KÖPT	MQ	500	3,26	-1 634,00	SEK	1,00	82 908,09	622628136 	
	2019-05-03	KÖPT	MQ	500	3,29	-1 649,00	SEK	1,00	84 542,09	622626883 	
	2019-05-03	KÖPT	MQ	500	3,36	-1 684,00	SEK	1,00	86 191,09	622623345 	
	2019-05-03	KÖPT	MQ	500	3,60	-1 805,00	SEK	1,00	87 875,09	622612824 	
	2019-05-03	UTL KUPSKATT	GE	45	0,0629	-27,12	SEK	1,00	89 680,09	 	
	2019-05-02	KÖPT	RAD	18	8,76	-1 519,05	SEK	9,58	89 707,21	622517066 	
	2019-05-02	SÅLT	MQ	262	3,92	1 024,00	SEK	1,00	91 226,26	622479499 	
	2019-05-02	SÅLT	MQ	500	3,9560	1 973,00	SEK	1,00	90 202,26	622478759 	
	2019-05-02	SÅLT	MQ	500	3,9250	1 958,00	SEK	1,00	88 229,26	622478266 	
	2019-05-02	SÅLT	MQ	300	4,0073	1 199,00	SEK	1,00	86 271,26	622474775 	
	2019-05-02	SÅLT	MQ	300	4,10	1 227,00	SEK	1,00	85 072,26	622464435 	
	2019-05-02	TILLDELNING INLÄGG	MQ TR	7 746	0,00	0,00	SEK	1,00	83 845,26	 	
	2019-05-01	KÖPT	RAD	17	9,05	-1 475,15	SEK	9,53	83 845,26	622355419 	
	2019-05-01	SÅLT	FTR	100	2,1150	1 995,65	SEK	9,48	85 320,41	622355376 	
	2019-05-01	KÖPT	FTR	100	2,11	-2 018,93	SEK	9,53	83 324,76	622355375 	
	2019-04-30	SÅLT	MQ	211	4,4350	933,00	SEK	1,00	85 343,69	622271044 	
	2019-04-29	SÅLT	TEVA	16	15,46	2 337,73	SEK	9,49	84 410,69	622173015 	
	2019-04-29	KÖPT	MQ	500	4,05	-2 030,00	SEK	1,00	82 072,96	622162156 	
	2019-04-29	KÖPT	MQ	100	4,05	-406,00	SEK	1,00	84 102,96	622162150 	
	2019-04-29	KÖPT	MQ	500	4,05	-2 030,00	SEK	1,00	84 508,96	622162149 	
	2019-04-29	KÖPT	MQ	500	4,25	-2 130,00	SEK	1,00	86 538,96	622161404 	
	2019-04-29	KÖPT	MQ	500	4,35	-2 180,00	SEK	1,00	88 668,96	622161403 	
	2019-04-29	KÖPT	MQ	500	4,45	-2 231,00	SEK	1,00	90 848,96	622161402 	
	2019-04-29	SÅLT	MQ	500	4,67	2 329,00	SEK	1,00	93 079,96	622147929 	
	2019-04-29	KÖPT	MQ	500	4,55	-2 281,00	SEK	1,00	90 750,96	622145436 	
	2019-04-29	KÖPT	MQ	500	4,63	-2 321,00	SEK	1,00	93 031,96	622145435 	
	2019-04-29	KÖPT	MQ	1 000	4,66	-4 672,00	SEK	1,00	95 352,96	622129966 	
	2019-04-29	KÖPT	MQ	500	4,75	-2 381,00	SEK	1,00	100 024,96	622129776 	
	2019-04-29	SÅLT	MQ	500	5,09	2 539,00	SEK	1,00	102 405,96	622127724 	
	2019-04-29	SÅLT	MQ	1 000	5,01	4 997,00	SEK	1,00	99 866,96	622126976 	
	2019-04-29	SÅLT	MQ	500	5,05	2 519,00	SEK	1,00	94 869,96	622126975 	
	2019-04-29	SÅLT	MQ	500	5,15	2 569,00	SEK	1,00	92 350,96	622126974 	
	2019-04-29	SÅLT	MQ	1 000	5,02	5 007,00	SEK	1,00	89 781,96	622126735 	
	2019-04-29	SÅLT	MQ	500	5,02	2 504,00	SEK	1,00	84 774,96	622126526 	
	2019-04-26	UTL KUPSKATT	GE	80	0,00	-1,14	SEK	1,00	82 270,96	 	
	2019-04-26	UTDELNING	GE	80	0,01	7,61	SEK	1,00	82 272,10	 	
	2019-04-26	SÅLT	DB	20	8,16	1 536,35	SEK	9,47	82 264,49	622050091 	
	2019-04-26	KÖPT	DB	20	8,13	-1 555,67	SEK	9,51	80 728,14	622047937 	
	2019-04-26	KÖPT	DB	25	8,13	-1 942,34	SEK	9,51	82 283,81	622047936 	
	2019-04-26	KÖPT	MQ	500	3,93	-1 970,00	SEK	1,00	84 226,15	622015446 	
	2019-04-26	KÖPT	MQ	300	3,90	-1 173,00	SEK	1,00	86 196,15	622012520 	
	2019-04-26	KÖPT	MQ	300	4,07	-1 224,00	SEK	1,00	87 369,15	622001469 	
	2019-04-25	KÖPT	RAD	18	9,16	-1 584,68	SEK	9,56	88 593,15	621930918 	
	2019-04-25	KÖPT	RAD	17	9,26	-1 512,87	SEK	9,55	90 177,83	621930696 	
	2019-04-25	KÖPT	MQ	300	4,3750	-1 316,00	SEK	1,00	91 690,70	621916753 	
	2019-04-25	KÖPT	MQ	300	4,41	-1 326,00	SEK	1,00	93 006,70	621867789 	
	2019-04-25	KÖPT	MQ	300	4,46	-1 341,00	SEK	1,00	94 332,70	621867546 	
	2019-04-24	KÖPT	MQ	300	4,57	-1 374,00	SEK	1,00	95 673,70	621782343 	
	2019-04-24	KÖPT	MQ	300	4,66	-1 402,00	SEK	1,00	97 047,70	621773277 	
	2019-04-24	KÖPT	MQ	300	4,76	-1 432,00	SEK	1,00	98 449,70	621772052 	
	2019-04-23	DECIMALER LIKVID	RAD	0,5000	10,4154	48,60	SEK	1,00	99 881,70	 	
	2019-04-23	DECIMALER UTTAG VP	RAD	0,5000	10,4154	48,60	SEK	9,33	99 833,10	 	
	2019-04-23	SÅLT	QHC	275	1,2902	3 305,38	SEK	9,34	99 833,10	621680309 	
	2019-04-23	SÅLT	QHC	135	1,29	1 618,62	SEK	9,35	96 527,72	621680308 	
	2019-04-23	SÅLT	GE	25	9,3501	2 174,53	SEK	9,34	94 909,10	621680286 	
	2019-04-23	SÅLT	QHC	135	1,29	1 618,62	SEK	9,35	92 734,57	621679971 	
	2019-04-23	SÅLT	GE	25	9,3102	2 166,39	SEK	9,35	91 115,95	621679958 	
	2019-04-23	SÅLT	TEVA	13	15,09	1 824,42	SEK	9,35	88 949,56	621679886 	
	2019-04-23	SÅLT	QHC	135	1,29	1 618,62	SEK	9,35	87 125,14	621679750 	
	2019-04-23	SÅLT	QHC	120	1,26	1 404,19	SEK	9,35	85 506,52	621679567 	
	2019-04-23	SÅLT	QHC	125	1,22	1 416,34	SEK	9,35	84 102,33	621679305 	
	2019-04-23	SÅLT	QHC	135	1,23	1 543,93	SEK	9,35	82 685,99	621679057 	
	2019-04-23	SÅLT	QHC	135	1,20	1 505,18	SEK	9,35	81 142,06	621678588 	
	2019-04-23	SÅLT	CYH	50	3,41	1 588,37	SEK	9,37	79 636,88	621678317 	
	2019-04-23	SÅLT	QHC	135	1,18	1 482,01	SEK	9,36	78 048,51	621678132 	
	2019-04-23	SÅLT	RAD	15	9,92	1 382,91	SEK	9,35	76 566,50	621677563 	
	2019-04-23	SÅLT	CYH	50	3,29	1 529,78	SEK	9,35	75 183,59	621677421 	
	2019-04-23	SÅLT	RAD	15	9,97	1 389,93	SEK	9,35	73 653,81	621677319 	
	2019-04-23	SÅLT	RAD	25	9,90	2 306,18	SEK	9,35	72 263,88	621677318 