	2019-07-19	KÖPT	FTR	120	1,35	-1 531,86	SEK	9,40	45 555,75	628970650 	
	2019-07-19	KÖPT	MQ	367	2,24	-824,00	SEK	1,00	47 087,61	628959391 	
	2019-07-19	KÖPT	MQ	750	2,2650	-1 703,00	SEK	1,00	47 911,61	628959390 	
	2019-07-19	KÖPT	MQ	10	2,3150	-24,00	SEK	1,00	49 614,61	628948870 	
	2019-07-19	KÖPT	MQ	10	2,3150	-24,00	SEK	1,00	49 638,61	628941070 	
	2019-07-19	SÅLT	MQ	10	2,2650	22,00	SEK	1,00	49 662,61	628941069 	
	2019-07-19	KÖPT	MQ	10	2,34	-24,00	SEK	1,00	49 640,61	628931994 	
	2019-07-19	SÅLT	MQ	10	2,28	22,00	SEK	1,00	49 664,61	628931740 	
	2019-07-18	KÖPT	CYH	75	2,0579	-1 457,82	SEK	9,39	49 642,61	628867343 	
	2019-07-18	KÖPT	MQ	750	2,25	-1 692,00	SEK	1,00	51 100,43	628858838 	
	2019-07-18	KÖPT	MQ	750	2,28	-1 714,00	SEK	1,00	52 792,43	628858836 	
	2019-07-18	KÖPT	MQ	750	2,3050	-1 733,00	SEK	1,00	54 506,43	628855365 	
	2019-07-18	KÖPT	MQ	750	2,31	-1 737,00	SEK	1,00	56 239,43	628829640 	
	2019-07-18	KÖPT	MQ	750	2,33	-1 752,00	SEK	1,00	57 976,43	628819810 	
	2019-07-18	KÖPT	MQ	750	2,35	-1 767,00	SEK	1,00	59 728,43	628819808 	
	2019-07-17	KÖPT	TEVA	20	7,85	-1 484,37	SEK	9,40	61 495,43	628759130 	
	2019-07-17	KÖPT	TEVA	20	8,13	-1 536,99	SEK	9,40	62 979,80	628758612 	
	2019-07-17	KÖPT	TEVA	20	8,13	-1 536,99	SEK	9,40	64 516,79	628758611 	
	2019-07-16	KÖPT	TEVA	20	8,25	-1 563,48	SEK	9,42	66 053,78	628648384 	
	2019-07-16	KÖPT	CYH	70	2,3150	-1 534,01	SEK	9,41	67 617,26	628648078 	
	2019-07-16	SÅLT	DB	22	7,9406	1 628,32	SEK	9,37	69 151,27	628645560 	
	2019-07-16	SÅLT	MQ	750	2,49	1 863,00	SEK	1,00	67 522,95	628613017 	
	2019-07-16	SÅLT	MQ	750	2,48	1 855,00	SEK	1,00	65 659,95	628613016 	
	2019-07-16	KÖPT	MQ	750	2,31	-1 737,00	SEK	1,00	63 804,95	628604025 	
	2019-07-16	KÖPT	MQ	750	2,30	-1 729,00	SEK	1,00	65 541,95	628604024 	
	2019-07-16	KÖPT	MQ	750	2,32	-1 744,00	SEK	1,00	67 270,95	628600024 	
	2019-07-16	KÖPT	MQ	176	2,34	-413,00	SEK	1,00	69 014,95	628598538 	
	2019-07-15	KÖPT	TEVA	20	8,33	-1 572,71	SEK	9,39	69 427,95	628516190 	
	2019-07-15	KÖPT	TEVA	20	8,54	-1 612,13	SEK	9,39	71 000,66	628516183 	
	2019-07-15	KÖPT	TEVA	20	8,60	-1 623,39	SEK	9,39	72 612,79	628515682 	
	2019-07-15	KÖPT	TEVA	20	8,73	-1 647,80	SEK	9,39	74 236,18	628515676 	
	2019-07-15	KÖPT	MQ	574	2,34	-1 347,00	SEK	1,00	75 883,98	628504138 	
	2019-07-15	KÖPT	MQ	750	2,36	-1 774,00	SEK	1,00	77 230,98	628470772 	
	2019-07-12	SÅLT	TEVA	19	9,19	1 635,58	SEK	9,42	79 004,98	628420079 	
	2019-07-12	KÖPT	MQ	750	2,39	-1 797,00	SEK	1,00	77 369,40	628403260 	
	2019-07-12	KÖPT	MQ	750	2,42	-1 820,00	SEK	1,00	79 166,40	628382773 	
	2019-07-12	SÅLT	MQ	750	2,4950	1 867,00	SEK	1,00	80 986,40	628374859 	
	2019-07-11	KÖPT	CYH	80	2,41	-1 834,01	SEK	9,47	79 119,40	628332848 	
	2019-07-11	KÖPT	TEVA	19	8,9296	-1 614,97	SEK	9,47	80 953,41	628331987 	
	2019-07-11	KÖPT	MQ	418	2,4150	-1 012,00	SEK	1,00	82 568,38	628313689 	
	2019-07-11	SÅLT	MQ	750	2,4850	1 859,00	SEK	1,00	83 580,38	628279059 	
	2019-07-10	KÖPT	TEVA	19	9,06	-1 638,60	SEK	9,47	81 721,38	628210213 	
	2019-07-10	KÖPT	MQ	750	2,4150	-1 816,00	SEK	1,00	83 359,98	628195527 	
	2019-07-10	KÖPT	MQ	750	2,41	-1 812,00	SEK	1,00	85 175,98	628189998 	
	2019-07-10	KÖPT	MQ	750	2,42	-1 820,00	SEK	1,00	86 987,98	628189741 	
	2019-07-10	SÅLT	MQ	750	2,49	1 863,00	SEK	1,00	88 807,98	628168709 	
	2019-07-10	SÅLT	MQ	750	2,47	1 848,00	SEK	1,00	86 944,98	628168708 	
	2019-07-10	SÅLT	MQ	1 000	2,48	2 474,00	SEK	1,00	85 096,98	628168707 	
	2019-07-10	SÅLT	MQ	750	2,45	1 833,00	SEK	1,00	82 622,98	628168448 	
	2019-07-10	SÅLT	MQ	750	2,43	1 818,00	SEK	1,00	80 789,98	628166430 	
	2019-07-10	SÅLT	MQ	1 000	2,43	2 424,00	SEK	1,00	78 971,98	628166183 	
	2019-07-09	SÅLT	TEVA	20	9,3150	1 745,85	SEK	9,42	76 547,98	628128983 	
	2019-07-09	KÖPT	TEVA	20	8,93	-1 699,75	SEK	9,47	74 802,13	628127784 	
	2019-07-09	KÖPT	DB	22	7,34	-1 537,68	SEK	9,47	76 501,88	628127736 	
	2019-07-09	SÅLT	MQ	750	2,41	1 803,00	SEK	1,00	78 039,56	628122097 	
	2019-07-09	SÅLT	MQ	750	2,3950	1 792,00	SEK	1,00	76 236,56	628114128 	
	2019-07-09	SÅLT	MQ	750	2,39	1 788,00	SEK	1,00	74 444,56	628111391 	
	2019-07-09	SÅLT	MQ	750	2,3850	1 784,00	SEK	1,00	72 656,56	628111390 	
	2019-07-09	SÅLT	MQ	750	2,38	1 781,00	SEK	1,00	70 872,56	628111389 	
	2019-07-09	SÅLT	MQ	750	2,3750	1 777,00	SEK	1,00	69 091,56	628111388 	
	2019-07-09	SÅLT	MQ	750	2,38	1 781,00	SEK	1,00	67 314,56	628091156 	
	2019-07-09	SÅLT	MQ	750	2,39	1 788,00	SEK	1,00	65 533,56	628091155 	
	2019-07-09	SÅLT	MQ	750	2,37	1 773,00	SEK	1,00	63 745,56	628091153 	
	2019-07-09	SÅLT	MQ	750	2,35	1 758,00	SEK	1,00	61 972,56	628090780 	
	2019-07-09	SÅLT	MQ	750	2,34	1 751,00	SEK	1,00	60 214,56	628090405 	
	2019-07-08	KÖPT	TEVA	20	9,13	-1 737,46	SEK	9,47	58 463,56	628042789 	
	2019-07-08	KÖPT	TEVA	18	9,23	-1 581,65	SEK	9,47	60 201,02	628042050 	
	2019-07-08	KÖPT	TEVA	18	9,36	-1 603,80	SEK	9,47	61 782,67	628039141 	
	2019-07-08	SÅLT	MQ	750	2,32	1 736,00	SEK	1,00	63 386,47	628004100 	
	2019-07-08	SÅLT	MQ	750	2,29	1 713,00	SEK	1,00	61 650,47	627997617 	
	2019-07-08	SÅLT	MQ	130	2,27	294,00	SEK	1,00	59 937,47	627996386 	
	2019-07-08	SÅLT	MQ	750	2,28	1 706,00	SEK	1,00	59 643,47	627993369 	
	2019-07-05	KÖPT	TEVA	18	9,52	-1 630,65	SEK	9,46	57 937,47	627926993 	
	2019-07-05	SÅLT	TEVA	17	9,95	1 587,07	SEK	9,44	59 568,12	627924806 	
	2019-07-05	SÅLT	DB	25	8,15	1 908,15	SEK	9,41	57 981,05	627923866 	
	2019-07-05	SÅLT	TEVA	17	9,87	1 569,79	SEK	9,41	56 072,90	627923855 	
	2019-07-05	SÅLT	TEVA	17	9,87	1 569,79	SEK	9,41	54 503,11	627923854 	
	2019-07-05	SÅLT	MQ	750	2,32	1 736,00	SEK	1,00	52 933,32	627917181 	
	2019-07-05	SÅLT	MQ	750	2,33	1 743,00	SEK	1,00	51 197,32	627886210 	
	2019-07-05	SÅLT	MQ	1 000	2,33	2 324,00	SEK	1,00	49 454,32	627886209 	
	2019-07-05	SÅLT	MQ	1 000	2,29	2 284,00	SEK	1,00	47 130,32	627885723 	
	2019-07-05	SÅLT	MQ	750	2,28	1 706,00	SEK	1,00	44 846,32	627885722 	
	2019-07-05	SÅLT	MQ	1 000	2,25	2 244,00	SEK	1,00	43 140,32	627885721 	
	2019-07-05	SÅLT	MQ	750	2,25	1 683,00	SEK	1,00	40 896,32	627885720 	
	2019-07-05	KÖPT	MQ	750	2,13	-1 601,00	SEK	1,00	39 213,32	627880431 	
	2019-07-04	SÅLT	MQ	750	2,23	1 668,00	SEK	1,00	40 814,32	627667493 	
	2019-07-04	SÅLT	MQ	750	2,20	1 646,00	SEK	1,00	39 146,32	627664976 	
	2019-07-04	SÅLT	MQ	750	2,19	1 638,00	SEK	1,00	37 500,32	627663165 	
	2019-07-04	SÅLT	MQ	750	2,18	1 631,00	SEK	1,00	35 862,32	627660660 	
	2019-07-04	SÅLT	MQ	750	2,1850	1 635,00	SEK	1,00	34 231,32	627656890 	
	2019-07-04	SÅLT	MQ	750	2,1750	1 627,00	SEK	1,00	32 596,32	627653400 	
	2019-07-04	SÅLT	MQ	10	2,1450	20,00	SEK	1,00	30 969,32	627650161 	
	2019-07-03	SÅLT	TEVA	17	9,65	1 512,57	SEK	9,28	30 949,32	627549711 	
	2019-07-03	SÅLT	TEVA	17	9,57	1 501,00	SEK	9,28	29 436,75	627548065 	
	2019-07-03	SÅLT	TEVA	18	9,56	1 588,15	SEK	9,28	27 935,75	627548063 	
	2019-07-02	SÅLT	TEVA	18	9,45	1 573,91	SEK	9,31	26 347,60	627403343 	
	2019-07-02	KÖPT	MQ	750	2,03	-1 526,00	SEK	1,00	24 773,69	627378122 	
	2019-07-02	KÖPT	MQ	750	2,04	-1 534,00	SEK	1,00	26 299,69	627372061 	
	2019-07-02	KÖPT	MQ	750	2,05	-1 541,00	SEK	1,00	27 833,69	627364302 	
	2019-07-01	SÅLT	RAD	22	8,7223	1 775,15	SEK	9,30	29 374,69	627263570 	
	2019-07-01	SÅLT	TEVA	18	9,45	1 570,13	SEK	9,28	27 599,54	627261093 	
	 	
	2019-06-28	KÖPT	RAD	22	7,90	-1 626,56	SEK	9,31	26 032,07	627138066 	
	2019-06-28	KÖPT	MQ	750	1,97	-1 481,00	SEK	1,00	27 658,63	627092828 	
	2019-06-27	SÅLT	FTR	120	1,62	1 790,02	SEK	9,25	29 139,63	627043813 	
	2019-06-27	SÅLT	TEVA	17	9,13	1 427,83	SEK	9,26	27 349,61	627043551 	
	2019-06-27	SÅLT	FTR	100	1,5950	1 466,35	SEK	9,25	25 921,78	627043111 	
	2019-06-27	SÅLT	FTR	100	1,62	1 489,96	SEK	9,25	24 455,43	627043110 	
	2019-06-27	SÅLT	RAD	25	7,5351	1 733,48	SEK	9,25	22 965,47	627043086 	
	2019-06-27	KÖPT	RAD	25	7,4778	-1 746,92	SEK	9,30	21 231,99	627043085 	
	2019-06-27	SÅLT	RAD	19	7,3895	1 290,09	SEK	9,25	22 978,91	627042965 	
	2019-06-27	SÅLT	RAD	23	7,43	1 572,21	SEK	9,25	21 688,82	627042964 	
	2019-06-27	SÅLT	RAD	23	7,33	1 550,93	SEK	9,25	20 116,61	627042963 	
	2019-06-27	SÅLT	RAD	23	7,23	1 529,65	SEK	9,25	18 565,68	627042962 	
	2019-06-27	SÅLT	RAD	23	7,13	1 508,37	SEK	9,25	17 036,03	627042961 	
	2019-06-27	SÅLT	HM B	20	163,78	3 267,00	SEK	1,00	15 527,66	627029980 	
	2019-06-27	KÖPT	HM B	20	158,38	-3 176,00	SEK	1,00	12 260,66	627012999 	
	2019-06-26	SÅLT	FTR	120	1,63	1 797,73	SEK	9,24	15 436,66	626960103 	
	2019-06-26	SÅLT	FTR	120	1,58	1 743,10	SEK	9,24	13 638,93	626959866 	
	2019-06-26	SÅLT	RAD	23	6,97	1 474,14	SEK	9,25	11 895,83	626956832 	
 	
	2019-06-25	SÅLT	FTR	70	1,5250	978,73	SEK	9,25	10 422,39	626868481 	
	2019-06-25	SÅLT	FTR	120	1,53	1 689,03	SEK	9,25	9 443,66	626868480 	
	2019-06-25	SÅLT	TEVA	20	8,7630	1 612,63	SEK	9,25	7 754,63	626868374 	
	2019-06-25	SÅLT	FTR	100	1,49	1 369,03	SEK	9,25	6 142,00	626868162 	
	2019-06-25	SÅLT	FTR	110	1,4850	1 501,75	SEK	9,25	4 772,97	626868161 	
	2019-06-25	SÅLT	RAD	23	6,92	1 462,36	SEK	9,24	3 271,22	626867721 	
	2019-06-25	SÅLT	TEVA	17	8,97	1 401,84	SEK	9,25	1 808,86	626867153 	
	2019-06-25	SÅLT	TEVA	17	8,92	1 391,48	SEK	9,24	407,02	626867149 	
	2019-06-25	SÅLT	CYH	75	2,66	1 833,49	SEK	9,24	-984,46	626866622 	
 	
	2019-06-25	KÖPT	MQ	10	1,99	-21,00	SEK	1,00	1 845,05	626854976 	
	2019-06-25	SÅLT	MQ	10	1,9920	19,00	SEK	1,00	1 866,05	626853716 	
	2019-06-24	KÖPT	RAD	26	6,38	-1 554,71	SEK	9,32	1 847,05	626774263 	
	2019-06-24	SÅLT	FTR	115	1,47	1 558,39	SEK	9,27	3 401,76	626774043 	
	2019-06-24	SÅLT	FTR	115	1,46	1 547,73	SEK	9,27	1 843,37	626774042 	
	2019-06-24	KÖPT	TEVA	19	8,25	-1 470,51	SEK	9,32	295,64	626773669 	
	2019-06-24	KÖPT	MQ	750	1,97	-1 481,00	SEK	1,00	1 766,15	626761029 	
	2019-06-24	KÖPT	MQ	750	1,98	-1 489,00	SEK	1,00	3 247,15	626759798 	
	2019-06-21	SÅLT	SDRL	50	4,26	1 987,13	SEK	9,37	4 736,15	626678206 	
	2019-06-21	KÖPT	FTR	125	1,33	-1 574,82	SEK	9,42	2 749,02	626678158 	
	 	
	2019-06-20	KÖPT	FTR	125	1,38	-1 636,28	SEK	9,43	-243,66	626652491 	
	2019-06-20	SÅLT	FTR	120	1,48	1 660,11	SEK	9,40	1 392,62	626651754 	
	2019-06-20	SÅLT	FTR	120	1,46	1 637,56	SEK	9,40	-267,49	626651753 	
	2019-06-20	SÅLT	FTR	120	1,45	1 626,28	SEK	9,40	-1 905,05	626651752 	
	2019-06-20	SÅLT	FTR	120	1,4520	1 628,53	SEK	9,40	-3 531,33	626651751 	
	2019-06-20	SÅLT	FTR	120	1,45	1 626,28	SEK	9,40	-5 159,86	626651750 	
	2019-06-20	SÅLT	FTR	120	1,4550	1 631,92	SEK	9,40	-6 786,14	626651749 	
	2019-06-20	SÅLT	FTR	125	1,43	1 670,92	SEK	9,40	-8 418,06	626651544 	
	2019-06-20	SÅLT	FTR	125	1,38	1 611,54	SEK	9,39	-10 088,98	626651091 	
	2019-06-20	SÅLT	CYH	75	2,68	1 877,48	SEK	9,39	-11 700,52	626650121 	
	2019-06-20	KÖPT	MQ	750	2,01	-1 511,00	SEK	1,00	-13 578,00	626633703 	
	2019-06-20	KÖPT	MQ	750	2,03	-1 526,00	SEK	1,00	-12 067,00	626632697 	
	2019-06-20	KÖPT	MQ	750	2,05	-1 541,00	SEK	1,00	-10 541,00	626630705 	
 	
	2019-06-19	KÖPT	FTR	150	1,21	-1 741,23	SEK	9,54	-9 096,38	626553617 	
	2019-06-19	KÖPT	FTR	150	1,25	-1 800,57	SEK	9,56	-7 355,15	626551609 	
	2019-06-19	KÖPT	FTR	130	1,28	-1 598,96	SEK	9,56	-5 554,58	626551037 	
	2019-06-19	KÖPT	MQ	750	2,06	-1 549,00	SEK	1,00	-3 955,62	626500525 	
	2019-06-19	KÖPT	MQ	750	2,13	-1 601,00	SEK	1,00	-2 406,62	626500025 	
	2019-06-19	KÖPT	MQ	750	2,13	-1 601,00	SEK	1,00	-805,62	626499725 	
	2019-06-19	KÖPT	MQ	750	2,17	-1 632,00	SEK	1,00	795,38	626499724 	
	2019-06-19	KÖPT	MQ	750	2,20	-1 654,00	SEK	1,00	2 427,38	626499238 	
	2019-06-18	KÖPT	FTR	120	1,31	-1 511,08	SEK	9,56	4 081,38	626454758 	
	2019-06-18	KÖPT	FTR	120	1,33	-1 534,01	SEK	9,56	5 592,46	626454757 	
	2019-06-18	KÖPT	CYH	70	2,58	-1 734,67	SEK	9,56	7 126,47	626452568 	
	2019-06-18	SÅLT	CYH	80	2,73	2 062,97	SEK	9,49	8 861,14	626451383 	
	2019-06-18	SÅLT	MQ	500	2,48	1 237,00	SEK	1,00	6 798,17	626426302 	
	2019-06-18	SÅLT	MQ	500	2,46	1 227,00	SEK	1,00	5 561,17	626426300 	
	2019-06-18	SÅLT	MQ	500	2,4274	1 211,00	SEK	1,00	4 334,17	626426010 	
	2019-06-17	KÖPT	FTR	120	1,40	-1 605,69	SEK	9,50	3 123,17	626332661 	
	2019-06-17	KÖPT	RAD	25	6,86	-1 638,95	SEK	9,50	4 728,86	626332506 	
	2019-06-17	KÖPT	CYH	80	2,53	-1 932,00	SEK	9,50	6 367,81	626330761 	
	2019-06-17	KÖPT	TEVA	25	7,96	-1 901,09	SEK	9,51	8 299,81	626329817 	
	2019-06-17	KÖPT	TEVA	20	8,13	-1 555,00	SEK	9,51	10 200,90	626329813 	
	2019-06-17	KÖPT	MQ	750	2,23	-1 677,00	SEK	1,00	11 755,90	626317640 	
	2019-06-17	KÖPT	MQ	500	2,29	-1 148,00	SEK	1,00	13 432,90	626306176 	
	2019-06-17	KÖPT	MQ	750	2,32	-1 744,00	SEK	1,00	14 580,90	626294662 	
	2019-06-17	KÖPT	MQ	500	2,33	-1 168,00	SEK	1,00	16 324,90	626286992 	
	2019-06-14	KÖPT	SDRL	25	3,13	-752,42	SEK	9,50	17 492,90	626243623 	
	2019-06-14	KÖPT	FTR	120	1,36	-1 561,10	SEK	9,51	18 245,32	626243550 	
	2019-06-14	KÖPT	FTR	120	1,43	-1 637,82	SEK	9,49	19 806,42	626243432 	
	2019-06-14	KÖPT	MQ	500	2,36	-1 183,00	SEK	1,00	21 444,24	626234657 	
	2019-06-14	KÖPT	MQ	750	2,41	-1 812,00	SEK	1,00	22 627,24	626234458 	
	2019-06-14	KÖPT	MQ	500	2,40	-1 203,00	SEK	1,00	24 439,24	626234272 	
	2019-06-14	KÖPT	MQ	500	2,43	-1 218,00	SEK	1,00	25 642,24	626234102 	
	2019-06-14	KÖPT	MQ	500	2,46	-1 233,00	SEK	1,00	26 860,24	626212860 	
	2019-06-14	KÖPT	MQ	500	2,48	-1 243,00	SEK	1,00	28 093,24	626212859 	
	2019-06-13	KÖPT	FTR	100	1,46	-1 397,65	SEK	9,51	29 336,24	626158114 	
	2019-06-12	KÖPT	FTR	120	1,4950	-1 711,48	SEK	9,49	30 733,89	626060291 	
	2019-06-12	KÖPT	FTR	100	1,56	-1 485,13	SEK	9,46	32 445,37	626059567 	
	2019-06-12	KÖPT	TEVA	20	8,33	-1 585,72	SEK	9,46	33 930,50	626058471 	
	2019-06-12	KÖPT	FTR	100	1,63	-1 551,08	SEK	9,46	35 516,22	626058370 	
	2019-06-11	KÖPT	RAD	20	7,13	-1 360,11	SEK	9,47	37 067,30	625964562 	
	2019-06-11	KÖPT	RAD	23	7,36	-1 611,12	SEK	9,46	38 427,41	625963164 	
	2019-06-07	KÖPT	FTR	100	1,73	-1 639,04	SEK	9,42	40 038,53	625782769 	
	2019-06-05	SÅLT	FTR	80	1,9650	1 471,21	SEK	9,42	41 677,57	625602765 
	2019-06-05	SÅLT	SDRL	25	3,89	905,06	SEK	9,40	40 206,36	625601989 	
	2019-06-04	SÅLT	FTR	100	1,9810	1 853,78	SEK	9,40	39 301,30	625393244 	
	2019-06-04	SÅLT	TEVA	18	9,63	1 621,68	SEK	9,41	37 447,52	625392902 	
	2019-06-04	KÖPT	SDRL	50	4,11	-1 957,38	SEK	9,48	35 825,84	625391977 	
	2019-06-04	SÅLT	RAD	20	8,78	1 647,59	SEK	9,43	37 783,22	625391537 	
	2019-06-04	SÅLT	RAD	20	8,6195	1 617,30	SEK	9,43	36 135,63	625391536 	
	2019-06-04	SÅLT	RAD	20	8,61	1 615,51	SEK	9,43	34 518,33	625391535 	
	2019-06-04	SÅLT	RAD	20	8,05	1 510,75	SEK	9,44	32 902,82	625389079 	
	2019-06-04	SÅLT	RAD	20	7,96	1 493,76	SEK	9,44	31 392,07	625388884 	
	2019-06-03	SÅLT	RAD	20	7,86	1 477,25	SEK	9,45	29 898,31	625262110 	
	 	
	2019-05-31	KÖPT	TEVA	20	8,66	-1 664,43	SEK	9,56	28 399,52	625101284 	
	2019-05-30	SÅLT	RAD	20	7,73	1 460,70	SEK	9,51	30 063,95	624964329 	
	2019-05-30	KÖPT	CYH	80	2,77	-2 126,19	SEK	9,55	28 603,25	624964147 	
	2019-05-30	SÅLT	RAD	20	7,6701	1 449,29	SEK	9,51	30 729,44	624963583 	
	2019-05-29	KÖPT	RAD	23	7,13	-1 584,17	SEK	9,61	29 280,15	624951607 	
	2019-05-29	KÖPT	TEVA	20	9,13	-1 765,67	SEK	9,62	30 864,32	624948670 	
	2019-05-28	KÖPT	TEVA	20	9,56	-1 844,18	SEK	9,60	32 629,99	624796326 	
	2019-05-28	KÖPT	RAD	20	7,25	-1 397,55	SEK	9,58	34 474,17	624795249 	
	2019-05-28	KÖPT	TEVA	20	10,08	-1 939,56	SEK	9,58	35 871,72	624794885 	
	2019-05-28	KÖPT	MQ	500	2,50	-1 253,00	SEK	1,00	37 811,28	624771701 	
	2019-05-24	KÖPT	RAD	20	7,35	-1 414,36	SEK	9,56	39 064,28	624593587 	
	2019-05-24	KÖPT 	MQ	7 000	0,00	17 500,00	SEK	1,00	40 478,64	
	 	
	2019-05-23	KÖPT	RAD	20	7,50	-1 455,16	SEK	9,64	40 478,64	624493678 	
	2019-05-23	KÖPT	FTR	95	1,76	-1 623,08	SEK	9,65	41 933,80	624492272 	
	2019-05-23	KÖPT	RAD	20	7,70	-1 499,94	SEK	9,68	43 556,88	624491034 	
	2019-05-23	KÖPT	FTR	90	1,85	-1 623,66	SEK	9,70	45 056,82	624490808 	
	2019-05-23	KÖPT	FTR	85	1,88	-1 558,69	SEK	9,70	46 680,48	624490653 	
	2019-05-23	KÖPT	RAD	20	7,90	-1 540,47	SEK	9,69	48 239,17	624490561 	
	2019-05-22	KÖPT	RAD	20	8,10	-1 572,73	SEK	9,65	49 779,64	624379337 	
	2019-05-22	KÖPT	RAD	20	8,30	-1 613,14	SEK	9,66	51 352,37	624377921 	
	2019-05-22	KÖPT	RAD	20	8,30	-1 613,14	SEK	9,66	52 965,51	624377920 	
	2019-05-20	KÖPT	MQ	500	2,56	-1 283,00	SEK	1,00	54 578,65	624154039 	
	2019-05-20	KÖPT	MQ	500	2,53	-1 268,00	SEK	1,00	55 861,65	624152798 	
	2019-05-17	KÖPT	FTR	80	1,93	-1 501,43	SEK	9,67	57 129,65	624062553 	
	2019-05-17	KÖPT	FTR	90	1,97	-1 722,78	SEK	9,67	58 631,08	624062311 	
	2019-05-17	SÅLT	RAD	20	9,52	1 820,97	SEK	9,61	60 353,86	624061648 	
	2019-05-17	SÅLT	MQ	500	2,90	1 446,00	SEK	1,00	58 532,89	624031939 	
	2019-05-17	SÅLT	MQ	500	2,83	1 411,00	SEK	1,00	57 086,89	624031763 	
	2019-05-16	KÖPT	TEVA	15	11,43	-1 666,68	SEK	9,67	73 175,89	623985893 	
	2019-05-16	SÅLT	RAD	20	9,40	1 795,23	SEK	9,60	74 842,57	623983151 	
	2019-05-16	SÅLT	RAD	20	9,30	1 775,48	SEK	9,59	73 047,34	623983150 	
	2019-05-16	SÅLT	RAD	20	9,20	1 756,29	SEK	9,59	71 271,86	623982923 	
	2019-05-16	SÅLT	RAD	20	9,10	1 737,10	SEK	9,59	69 515,57	623982797 	
	2019-05-15	KÖPT	TEVA	20	11,35	-2 191,96	SEK	9,62	67 778,47	623847550 	
	2019-05-14	SÅLT	RAD	15	8,81	1 256,48	SEK	9,58	69 970,43	623725690 	
	2019-05-14	SÅLT	RAD	20	8,94	1 702,42	SEK	9,57	68 713,95	623725188 	
	2019-05-14	SÅLT	RAD	20	8,80	1 676,67	SEK	9,58	67 011,53	623724442 	
	2019-05-14	SÅLT	RAD	20	8,60	1 638,36	SEK	9,58	65 334,86	623724193 	
	2019-05-14	SÅLT	RAD	20	8,40	1 599,16	SEK	9,57	63 696,50	623722557 	
	2019-05-14	SÅLT	MQ TRF/X	746	0,0373	27,00	SEK	1,00	62 097,34	623642673 	
	2019-05-13	SÅLT	RAD	20	8,27	1 580,18	SEK	9,61	62 070,34	623608720 	
	2019-05-13	SÅLT	RAD	20	8,24	1 574,42	SEK	9,61	60 490,16	623608719 	
	2019-05-13	SÅLT	RAD	20	8,20	1 566,73	SEK	9,61	58 915,74	623608718 	
	2019-05-13	KÖPT	TEVA	12	12,60	-1 467,47	SEK	9,65	57 349,01	623606056 	
	2019-05-13	KÖPT	MQ	500	2,63	-1 318,00	SEK	1,00	58 816,48	623596092 	
	 	
	2019-05-09	SÅLT	RAD	20	7,90	1 512,14	SEK	9,63	60 134,48	623351722 	
	2019-05-09	KÖPT	RAD	20	7,45	-1 449,06	SEK	9,66	58 622,34	623350249 	
	2019-05-09	KÖPT	RAD	20	7,63	-1 483,21	SEK	9,66	60 071,40	623348523 	
	2019-05-09	KÖPT	RAD	20	7,86	-1 530,99	SEK	9,68	61 554,61	623347611 	
	2019-05-08	KÖPT	MQ	500	2,76	-1 383,00	SEK	1,00	63 085,60	623173463 	
	2019-05-07	KÖPT	RAD	18	8,03	-1 400,31	SEK	9,63	64 468,60	623106415 	
	2019-05-07	KÖPT	RAD	18	8,2099	-1 429,78	SEK	9,61	65 868,91	623106186 	
	2019-05-07	KÖPT	RAD	18	8,39	-1 461,75	SEK	9,62	67 298,69	623103238 	
	2019-05-07	KÖPT	MQ	500	2,85	-1 429,00	SEK	1,00	68 760,44	623045401 	
	2019-05-07	KÖPT	MQ	500	2,95	-1 479,00	SEK	1,00	70 189,44	623039693 	
	2019-05-07	KÖPT	MQ	500	3,05	-1 529,00	SEK	1,00	71 668,44	623038459 	
	2019-05-06	KÖPT	RAD	18	8,62	-1 502,62	SEK	9,63	73 197,44	622942019 	
	2019-05-06	KÖPT	MQ	500	3,00	-1 504,00	SEK	1,00	74 700,06	622862229 	
	2019-05-06	KÖPT	MQ	500	3,05	-1 529,00	SEK	1,00	76 204,06	622860133 	
	2019-05-06	KÖPT	MQ	500	3,15	-1 579,00	SEK	1,00	77 733,06	622849278 	
	2019-05-03	KÖPT	FTR	100	2,05	-1 977,03	SEK	9,60	79 312,06	622674273 	
	2019-05-03	KÖPT	MQ	500	3,23	-1 619,00	SEK	1,00	81 289,09	622629132 	
	2019-05-03	KÖPT	MQ	500	3,26	-1 634,00	SEK	1,00	82 908,09	622628136 	
	2019-05-03	KÖPT	MQ	500	3,29	-1 649,00	SEK	1,00	84 542,09	622626883 	
	2019-05-03	KÖPT	MQ	500	3,36	-1 684,00	SEK	1,00	86 191,09	622623345 	
	2019-05-03	KÖPT	MQ	500	3,60	-1 805,00	SEK	1,00	87 875,09	622612824 	
	 	
	2019-05-02	KÖPT	RAD	18	8,76	-1 519,05	SEK	9,58	89 707,21	622517066 	
	2019-05-02	SÅLT	MQ	262	3,92	1 024,00	SEK	1,00	91 226,26	622479499 	
	2019-05-02	SÅLT	MQ	500	3,9560	1 973,00	SEK	1,00	90 202,26	622478759 	
	2019-05-02	SÅLT	MQ	500	3,9250	1 958,00	SEK	1,00	88 229,26	622478266 	
	2019-05-02	SÅLT	MQ	300	4,0073	1 199,00	SEK	1,00	86 271,26	622474775 	
	2019-05-02	SÅLT	MQ	300	4,10	1 227,00	SEK	1,00	85 072,26	622464435 	
 	
	2019-05-01	KÖPT	RAD	17	9,05	-1 475,15	SEK	9,53	83 845,26	622355419 	
	2019-05-01	SÅLT	FTR	100	2,1150	1 995,65	SEK	9,48	85 320,41	622355376 	
	2019-05-01	KÖPT	FTR	100	2,11	-2 018,93	SEK	9,53	83 324,76	622355375 	
	2019-04-30	SÅLT	MQ	211	4,4350	933,00	SEK	1,00	85 343,69	622271044 	
	2019-04-29	SÅLT	TEVA	16	15,46	2 337,73	SEK	9,49	84 410,69	622173015 	
	2019-04-29	KÖPT	MQ	500	4,05	-2 030,00	SEK	1,00	82 072,96	622162156 	
	2019-04-29	KÖPT	MQ	100	4,05	-406,00	SEK	1,00	84 102,96	622162150 	
	2019-04-29	KÖPT	MQ	500	4,05	-2 030,00	SEK	1,00	84 508,96	622162149 	
	2019-04-29	KÖPT	MQ	500	4,25	-2 130,00	SEK	1,00	86 538,96	622161404 	
	2019-04-29	KÖPT	MQ	500	4,35	-2 180,00	SEK	1,00	88 668,96	622161403 	
	2019-04-29	KÖPT	MQ	500	4,45	-2 231,00	SEK	1,00	90 848,96	622161402 	
	2019-04-29	SÅLT	MQ	500	4,67	2 329,00	SEK	1,00	93 079,96	622147929 	
	2019-04-29	KÖPT	MQ	500	4,55	-2 281,00	SEK	1,00	90 750,96	622145436 	
	2019-04-29	KÖPT	MQ	500	4,63	-2 321,00	SEK	1,00	93 031,96	622145435 	
	2019-04-29	KÖPT	MQ	1 000	4,66	-4 672,00	SEK	1,00	95 352,96	622129966 	
	2019-04-29	KÖPT	MQ	500	4,75	-2 381,00	SEK	1,00	100 024,96	622129776 	
	2019-04-29	SÅLT	MQ	500	5,09	2 539,00	SEK	1,00	102 405,96	622127724 	
	2019-04-29	SÅLT	MQ	1 000	5,01	4 997,00	SEK	1,00	99 866,96	622126976 	
	2019-04-29	SÅLT	MQ	500	5,05	2 519,00	SEK	1,00	94 869,96	622126975 	
	2019-04-29	SÅLT	MQ	500	5,15	2 569,00	SEK	1,00	92 350,96	622126974 	
	2019-04-29	SÅLT	MQ	1 000	5,02	5 007,00	SEK	1,00	89 781,96	622126735 	
	2019-04-29	SÅLT	MQ	500	5,02	2 504,00	SEK	1,00	84 774,96	622126526 	
	 	
	2019-04-26	SÅLT	DB	20	8,16	1 536,35	SEK	9,47	82 264,49	622050091 	
	2019-04-26	KÖPT	DB	20	8,13	-1 555,67	SEK	9,51	80 728,14	622047937 	
	2019-04-26	KÖPT	DB	25	8,13	-1 942,34	SEK	9,51	82 283,81	622047936 	
	2019-04-26	KÖPT	MQ	500	3,93	-1 970,00	SEK	1,00	84 226,15	622015446 	
	2019-04-26	KÖPT	MQ	300	3,90	-1 173,00	SEK	1,00	86 196,15	622012520 	
	2019-04-26	KÖPT	MQ	300	4,07	-1 224,00	SEK	1,00	87 369,15	622001469 	
	2019-04-25	KÖPT	RAD	18	9,16	-1 584,68	SEK	9,56	88 593,15	621930918 	
	2019-04-25	KÖPT	RAD	17	9,26	-1 512,87	SEK	9,55	90 177,83	621930696 	
	2019-04-25	KÖPT	MQ	300	4,3750	-1 316,00	SEK	1,00	91 690,70	621916753 	
	2019-04-25	KÖPT	MQ	300	4,41	-1 326,00	SEK	1,00	93 006,70	621867789 	
	2019-04-25	KÖPT	MQ	300	4,46	-1 341,00	SEK	1,00	94 332,70	621867546 	
	2019-04-24	KÖPT	MQ	300	4,57	-1 374,00	SEK	1,00	95 673,70	621782343 	
	2019-04-24	KÖPT	MQ	300	4,66	-1 402,00	SEK	1,00	97 047,70	621773277 	
	2019-04-24	KÖPT	MQ	300	4,76	-1 432,00	SEK	1,00	98 449,70	621772052 	
 	
	2019-04-23	SÅLT	QHC	275	1,2902	3 305,38	SEK	9,34	99 833,10	621680309 	
	2019-04-23	SÅLT	QHC	135	1,29	1 618,62	SEK	9,35	96 527,72	621680308 	
	2019-04-23	SÅLT	GE	25	9,3501	2 174,53	SEK	9,34	94 909,10	621680286 	
	2019-04-23	SÅLT	QHC	135	1,29	1 618,62	SEK	9,35	92 734,57	621679971 	
	2019-04-23	SÅLT	GE	25	9,3102	2 166,39	SEK	9,35	91 115,95	621679958 	
	2019-04-23	SÅLT	TEVA	13	15,09	1 824,42	SEK	9,35	88 949,56	621679886 	
	2019-04-23	SÅLT	QHC	135	1,29	1 618,62	SEK	9,35	87 125,14	621679750 	
	2019-04-23	SÅLT	QHC	120	1,26	1 404,19	SEK	9,35	85 506,52	621679567 	
	2019-04-23	SÅLT	QHC	125	1,22	1 416,34	SEK	9,35	84 102,33	621679305 	
	2019-04-23	SÅLT	QHC	135	1,23	1 543,93	SEK	9,35	82 685,99	621679057 	
	2019-04-23	SÅLT	QHC	135	1,20	1 505,18	SEK	9,35	81 142,06	621678588 	
	2019-04-23	SÅLT	CYH	50	3,41	1 588,37	SEK	9,37	79 636,88	621678317 	
	2019-04-23	SÅLT	QHC	135	1,18	1 482,01	SEK	9,36	78 048,51	621678132 	
	2019-04-23	SÅLT	RAD	15	9,92	1 382,91	SEK	9,35	76 566,50	621677563 	
	2019-04-23	SÅLT	CYH	50	3,29	1 529,78	SEK	9,35	75 183,59	621677421 	
	2019-04-23	SÅLT	RAD	15	9,97	1 389,93	SEK	9,35	73 653,81	621677319 	
	2019-04-23	SÅLT	RAD	25	9,90	2 306,18	SEK	9,35	72 263,88	621677318 	
	2019-04-22	SÅLT	QHC	150	1,21	1 675,09	SEK	9,28	69 957,70	621577053 	
	2019-04-22	SÅLT	QHC	200	1,2107	2 237,76	SEK	9,28	68 282,61	621577052 	
	2019-04-22	SÅLT	QHC	125	1,23	1 417,16	SEK	9,28	66 044,85	621576812 	
	2019-04-22	SÅLT	QHC	135	1,19	1 481,17	SEK	9,28	64 627,69	621576811 	
	2019-04-22	SÅLT	QHC	135	1,17	1 456,12	SEK	9,28	63 146,52	621576810 	
	2019-04-22	SÅLT	QHC	135	1,14	1 418,55	SEK	9,28	61 690,40	621576633 	
 	
	2019-04-18	KÖPT	RAD.OLD	300	0,4444	-1 253,63	SEK	9,34	60 271,85	621568627 	
	2019-04-18	KÖPT	QHC	150	1,02	-1 436,15	SEK	9,33	61 525,48	621567638 	
	2019-04-18	KÖPT	QHC	150	1,00	-1 408,16	SEK	9,33	62 961,63	621567637 	
	2019-04-18	SÅLT	GE	25	9,25	2 138,28	SEK	9,29	64 369,79	621567444 	
	2019-04-17	SÅLT	DB	30	8,94	2 462,97	SEK	9,22	62 231,51	621503155 	
	2019-04-17	KÖPT	QHC	145	1,03	-1 393,67	SEK	9,27	59 768,54	621503001 	
	2019-04-17	KÖPT	RAD.OLD	350	0,4350	-1 418,30	SEK	9,26	61 162,21	621502238 	
	2019-04-16	KÖPT	QHC	140	1,05	-1 372,41	SEK	9,27	62 580,51	621396812 	
	2019-04-16	KÖPT	CYH	50	3,1250	-1 458,21	SEK	9,27	63 952,92	621396603 	
	2019-04-15	KÖPT	RAD	300	0,4503	-1 262,79	SEK	9,28	65 411,13	621265557 	
	2019-04-15	KÖPT	RAD	300	0,4625	-1 295,98	SEK	9,28	66 673,92	621264331 	
	2019-04-15	KÖPT	RAD	300	0,4760	-1 334,05	SEK	9,28	67 969,90	621263860 	
	2019-04-15	SÅLT	MQ	300	5,30	1 586,00	SEK	1,00	69 303,95	621223641 	
	2019-04-15	SÅLT	MQ	300	5,10	1 526,00	SEK	1,00	67 717,95	621223099 	
	2019-04-15	SÅLT	MQ	300	4,90	1 466,00	SEK	1,00	66 191,95	621222327 	
	2019-04-12	SÅLT	CYH	50	3,46	1 590,51	SEK	9,25	64 725,95	621159638 	
	2019-04-12	KÖPT	CYH	100	3,47	-3 233,35	SEK	9,29	63 135,44	621159637 	
	2019-04-12	KÖPT	GE	25	9,06	-2 112,66	SEK	9,29	66 368,79	621157012 	
	2019-04-12	SÅLT	ABB	9	183,50	1 647,00	SEK	1,00	68 481,45	621122084 	
	2019-04-11	KÖPT	TEVA	11	14,40	-1 481,99	SEK	9,30	66 834,45	621050272 	
	2019-04-11	KÖPT	QHC	135	1,06	-1 339,71	SEK	9,30	68 316,44	621050106 	
	2019-04-11	KÖPT	QHC	135	1,07	-1 352,27	SEK	9,30	69 656,15	621049890 	
	2019-04-11	KÖPT	QHC	135	1,0799	-1 364,73	SEK	9,30	71 008,42	621049613 	
	2019-04-11	KÖPT	RAD	250	0,5060	-1 184,08	SEK	9,29	72 373,15	621048306 	
	2019-04-11	KÖPT	RAD	270	0,5330	-1 346,28	SEK	9,29	73 557,23	621047560 	
	2019-04-10	SÅLT	QHC	125	1,18	1 355,47	SEK	9,25	74 903,51	620942607 	
	2019-04-10	SÅLT	FTR	100	2,48	2 285,15	SEK	9,25	73 548,04	620942414 	
	2019-04-10	SÅLT	QHC	130	1,19	1 422,07	SEK	9,25	71 262,89	620941863 	
	2019-04-10	SÅLT	QHC	130	1,1801	1 410,14	SEK	9,25	69 840,82	620941619 	
	2019-04-10	SÅLT	QHC	125	1,2050	1 384,42	SEK	9,25	68 430,68	620941617 	
	2019-04-10	SÅLT	QHC	130	1,19	1 422,07	SEK	9,25	67 046,26	620941616 	
	2019-04-10	SÅLT	QHC	130	1,17	1 398,02	SEK	9,25	65 624,19	620941615 	
	2019-04-10	SÅLT	QHC	130	1,14	1 361,94	SEK	9,25	64 226,17	620941614 	
	2019-04-10	SÅLT	QHC	140	1,12	1 441,50	SEK	9,25	62 864,23	620941613 	
	2019-04-10	SÅLT	QHC	135	1,10	1 364,72	SEK	9,25	61 422,73	620941372 	
	2019-04-10	SÅLT	QHC	135	1,08	1 342,21	SEK	9,27	60 058,01	620940337 	
	2019-04-09	KÖPT	QHC	150	0,97	-1 356,49	SEK	9,26	58 715,80	620817136 	
	2019-04-08	KÖPT	QHC	140	1,00	-1 308,02	SEK	9,28	60 072,29	620706403 	
	2019-04-08	KÖPT	FTR	100	2,3950	-2 231,26	SEK	9,28	61 380,31	620706233 	
	2019-04-08	KÖPT	QHC	140	1,03	-1 346,99	SEK	9,28	63 611,57	620706170 	
	2019-04-08	KÖPT	GE	25	9,23	-2 150,07	SEK	9,28	64 958,56	620706023 	
	2019-04-08	KÖPT	GE	25	9,35	-2 177,91	SEK	9,28	67 108,63	620705309 
	2019-04-05	KÖPT	QHC	140	1,06	-1 391,69	SEK	9,32	69 286,54	620584100 	
	2019-04-05	KÖPT	QHC	130	1,09	-1 327,97	SEK	9,31	70 678,23	620583368 	
	2019-04-05	KÖPT	QHC	135	1,10	-1 391,27	SEK	9,31	72 006,20	620583367 	
	2019-04-04	SÅLT	FTR	75	2,60	1 796,48	SEK	9,26	73 397,47	620357509 	
	2019-04-04	SÅLT	SDRL	15	9,20	1 268,73	SEK	9,26	71 600,99	620357501 	
	2019-04-04	SÅLT	FTR	75	2,53	1 747,88	SEK	9,26	70 332,26	620357202 		
	2019-04-03	KÖPT	QHC	130	1,12	-1 363,94	SEK	9,31	68 158,38	620231383 	
	2019-04-03	KÖPT	RAD	200	0,56	-1 051,26	SEK	9,31	69 522,32	620231229 	
	2019-04-03	SÅLT	FTR	80	2,33	1 718,05	SEK	9,27	70 573,58	620230202 	
	2019-04-03	SÅLT	ABB	9	182,25	1 636,00	SEK	1,00	68 855,53	620202693 	
	2019-04-03	KÖPT	MQ	300	4,33	-1 302,00	SEK	1,00	67 219,53	620182557 	
	2019-04-03	SÅLT	SWED A	10	147,30	1 469,00	SEK	1,00	68 521,53	620170999 	
	2019-04-02	KÖPT	TEVA	11	15,0581	-1 558,87	SEK	9,36	67 052,53	620081662 	
	2019-04-02	SÅLT	FTR	70	2,26	1 463,87	SEK	9,31	68 611,40	620081579 	
	2019-04-02	SÅLT	GE	30	10,2350	2 848,61	SEK	9,31	67 147,53	620080790 	
	2019-04-02	KÖPT	QHC	130	1,16	-1 420,34	SEK	9,36	64 298,92	620078107 	
	2019-04-02	SÅLT	FTR	100	2,2650	2 096,21	SEK	9,29	65 719,26	620077891 	
	2019-04-02	KÖPT	QHC	125	1,20	-1 410,16	SEK	9,34	63 623,05	620077678 	
	2019-04-02	KÖPT	QHC	125	1,23	-1 445,19	SEK	9,34	65 033,21	620077677 	
	2019-04-02	SÅLT	FTR	70	2,22	1 435,37	SEK	9,29	66 478,40	620077637 	
	2019-04-02	KÖPT	RAD	200	0,61	-1 148,76	SEK	9,34	65 043,03	620076874 	
	2019-04-02	SÅLT	SWED A	10	144,30	1 439,00	SEK	1,00	66 191,79	620049220 	
	2019-04-02	SÅLT	SWED A	10	143,20	1 428,00	SEK	1,00	64 752,79	620035106 	
	2019-04-02	SÅLT	SWED A	10	139,05	1 387,00	SEK	1,00	63 324,79	620023823 	
	2019-04-01	KÖPT	QHC	125	1,26	-1 474,65	SEK	9,31	61 937,79	619933558 	
	2019-04-01	KÖPT	QHC	125	1,29	-1 510,08	SEK	9,31	63 412,44	619932826 	
	2019-04-01	SÅLT	DB	22	8,46	1 716,20	SEK	9,27	64 922,52	619932379 	
	2019-04-01	KÖPT	QHC	125	1,32	-1 542,95	SEK	9,30	63 206,32	619930383 	
	2019-04-01	SÅLT	SWED A	10	137,30	1 370,00	SEK	1,00	64 749,27	619901405 	
	2019-03-29	KÖPT	FTR	75	2,01	-1 410,28	SEK	9,30	63 379,27	619783260 	
	2019-03-29	KÖPT	SWED A	10	128,30	-1 286,00	SEK	1,00	64 789,55	619740618 	
	2019-03-29	KÖPT	SWED A	10	131,45	-1 318,00	SEK	1,00	66 075,55	619718379 	
	2019-03-28	KÖPT	QHC	105	1,33	-1 313,30	SEK	9,34	67 393,55	619634149 	
	2019-03-28	KÖPT	QHC	100	1,36	-1 280,89	SEK	9,35	68 706,85	619631784 	
	2019-03-28	KÖPT	QHC	100	1,46	-1 374,41	SEK	9,35	69 987,74	619631780 	
	2019-03-28	KÖPT	SWED A	30	147,30	-4 430,00	SEK	1,00	71 362,15	619582780 	
	2019-03-28	KÖPT	MQ	200	4,36	-874,00	SEK	1,00	75 792,15	619578635 	
	2019-03-28	KÖPT	MQ	100	4,46	-447,00	SEK	1,00	76 666,15	619577892 	
	2019-03-27	KÖPT	FTR	75	2,08	-1 460,11	SEK	9,30	77 113,15	619523938 	
	2019-03-27	KÖPT	SDRL	15	8,18	-1 150,36	SEK	9,30	78 573,26	619523887 	
	2019-03-27	KÖPT	MQ	100	4,5950	-461,00	SEK	1,00	79 723,62	619512871 	
	2019-03-27	KÖPT	MQ	120	4,55	-547,00	SEK	1,00	80 184,62	619480794 	
	2019-03-27	KÖPT	MQ	200	4,5450	-911,00	SEK	1,00	80 731,62	619478043 	
	2019-03-26	KÖPT	QHC	100	1,56	-1 454,42	SEK	9,27	81 642,62	619414702 	
	2019-03-26	KÖPT	QHC	100	1,56	-1 453,26	SEK	9,26	83 097,04	619410663 	
	2019-03-26	KÖPT	QHC	90	1,66	-1 392,16	SEK	9,26	84 550,30	619410656 	
	2019-03-26	SÅLT	WDI	2	110,30	2 287,03	SEK	10,41	85 942,46	619410272 	
	2019-03-26	KÖPT	MQ	200	4,73	-948,00	SEK	1,00	83 655,43	619395706 	
	2019-03-26	KÖPT	MQ	200	4,9050	-983,00	SEK	1,00	84 603,43	619390238 	
	2019-03-25	KÖPT	QHC	100	1,7791	-1 656,12	SEK	9,26	85 586,43	619307718 	
	2019-03-25	KÖPT	FTR	70	2,16	-1 407,56	SEK	9,25	87 242,55	619307295 	
	2019-03-25	KÖPT	ABB	9	170,75	-1 541,00	SEK	1,00	88 650,11	619264250 	
	2019-03-22	KÖPT	WDI	2	100,60	-2 125,17	SEK	10,52	90 191,11	619202475 	
	2019-03-22	KÖPT	FTR	75	2,30	-1 615,51	SEK	9,31	92 316,28	619201630 	
	2019-03-22	KÖPT	DB	22	8,33	-1 711,99	SEK	9,29	93 931,79	619199690 	
	2019-03-21	SÅLT	QHC	115	2,05	2 140,84	SEK	9,12	95 643,78	619078370 	
	2019-03-21	KÖPT	DB	30	8,51	-2 351,86	SEK	9,18	93 502,94	619077704 	
	2019-03-19	SÅLT	GE	20	10,33	1 886,47	SEK	9,17	95 854,80	618855002 	
	2019-03-19	SÅLT	TEVA	11	16,75	1 681,48	SEK	9,17	93 968,33	618853720 	
	2019-03-19	SÅLT	MQ	22	5,28	115,00	SEK	1,00	92 286,85	618819038 	
	2019-03-19	KÖPT	MQ	200	4,95	-992,00	SEK	1,00	92 171,85	618814806 	
	2019-03-19	KÖPT	MQ	200	5,25	-1 053,00	SEK	1,00	93 163,85	618805729 	
	2019-03-19	KÖPT	MQ	200	5,26	-1 055,00	SEK	1,00	94 216,85	618805728 	
	2019-03-18	KÖPT	MQ	200	5,45	-1 093,00	SEK	1,00	95 271,85	618674014 	
	2019-03-15	KÖPT	FTR	75	2,44	-1 703,78	SEK	9,26	96 364,85	618602032 	
	2019-03-15	KÖPT	QHC	75	1,76	-1 234,85	SEK	9,29	98 068,63	618598956 	
	2019-03-15	KÖPT	GE	25	10,16	-2 369,26	SEK	9,29	99 303,48	618598563 	
	2019-03-15	SÅLT	MQ	250	5,76	1 436,00	SEK	1,00	101 672,74	618579339 	
	2019-03-14	KÖPT	GE	25	10,29	-2 413,44	SEK	9,35	100 236,74	618485249 	
	2019-03-13	KÖPT	QHC	80	1,93	-1 454,04	SEK	9,36	102 650,18	618374978 	
	2019-03-12	KÖPT	QHC	75	2,08	-1 474,70	SEK	9,40	104 104,22	618273210 	
	2019-03-12	KÖPT	MQ	175	8,03	-1 409,00	SEK	1,00	105 578,92	618255920 	
	2019-03-12	SÅLT	SOF B	100	16,25	1 621,00	SEK	1,00	106 987,92	618225117 	
	2019-03-11	SÅLT	QHC	90	2,1517	1 804,67	SEK	9,37	105 366,92	618164062 	
	2019-03-11	SÅLT	QHC	80	2,08	1 550,57	SEK	9,37	103 562,25	618163830 	
	2019-03-11	SÅLT	GE	17	9,94	1 574,75	SEK	9,37	102 011,68	618163706 	
	2019-03-11	KÖPT	FTR	100	2,65	-2 510,21	SEK	9,44	100 436,93	618162600 	
	2019-03-11	SÅLT	QHC	80	2,0450	1 527,44	SEK	9,39	102 947,14	618162309 	
	2019-03-11	SÅLT	GE	18	9,8918	1 663,15	SEK	9,39	101 419,70	618162220 	
	2019-03-11	KÖPT	QHC	100	1,83	-1 734,05	SEK	9,43	99 756,55	618160598 	
	2019-03-11	SÅLT	GE	20	9,68	1 806,87	SEK	9,38	101 490,60	618160458 	
	2019-03-11	SÅLT	MQ	150	8,25	1 234,00	SEK	1,00	99 683,73	618143297 	
	2019-03-11	SÅLT	SOF B	130	15,85	2 055,00	SEK	1,00	98 449,73	618141605 	
	2019-03-08	SÅLT	GE	25	9,53	2 236,93	SEK	9,43	96 394,73	618051411 	
	2019-03-07	SÅLT	GE	20	9,40	1 766,72	SEK	9,45	94 157,80	617940108 	
	2019-03-07	KÖPT	RAD	200	0,64	-1 215,20	SEK	9,42	92 391,08	617936547 	
	2019-03-06	KÖPT	TEVA	15	16,0184	-2 248,68	SEK	9,32	93 606,28	617806584 	
	2019-03-06	KÖPT	GE	25	9,25	-2 163,91	SEK	9,32	95 854,96	617804704 	
	2019-03-06	KÖPT	QHC	70	2,3790	-1 560,67	SEK	9,32	98 018,87	617803580 	
	2019-03-06	KÖPT	RAD	200	0,6804	-1 279,17	SEK	9,33	99 579,54	617802628 	
	2019-03-06	KÖPT	MQ	200	8,06	-1 616,00	SEK	1,00	100 858,71	617772382 	
 	
	2019-03-05	KÖPT	GE	30	9,66	-2 717,68	SEK	9,35	102 476,69	617633673 	
	 	
 	
	2019-03-04	SÅLT	GE	25	10,34	2 398,55	SEK	9,31	105 028,00	617372326 	
	2019-03-04	KÖPT	QHC	80	2,58	-1 941,43	SEK	9,36	102 629,45	617369808 	
	2019-03-04	SÅLT	GE	25	10,38	2 402,59	SEK	9,29	104 570,88	617367051 	
	2019-03-04	SÅLT	GE	25	10,33	2 390,97	SEK	9,29	102 168,29	617367047 	
	2019-03-01	KÖPT	GE	25	10,20	-2 374,16	SEK	9,28	99 777,32	617202950 	
	2019-03-01	SÅLT	GE	25	10,49	2 410,04	SEK	9,22	102 151,48	617200653 	
	2019-03-01	SÅLT	SOF B	70	14,70	1 026,00	SEK	1,00	99 741,44	617147946 	
	2019-02-28	KÖPT	GE	25	10,37	-2 407,39	SEK	9,25	98 715,44	617030649 	
	2019-02-28	KÖPT	GE	25	10,53	-2 446,30	SEK	9,26	101 122,83	617030422 	
	2019-02-28	SÅLT	SOF B	100	14,75	1 471,00	SEK	1,00	103 569,13	617008220 	
	2019-02-27	SÅLT	FTR	45	2,95	1 216,68	SEK	9,23	102 098,13	616900148 	
	2019-02-27	SÅLT	FTR	60	2,97	1 636,31	SEK	9,23	100 881,45	616900147 	
	2019-02-27	SÅLT	FTR	60	2,94	1 619,69	SEK	9,23	99 245,14	616900146 	
	2019-02-27	SÅLT	FTR	60	2,88	1 586,46	SEK	9,23	97 625,45	616900145 	
	2019-02-27	SÅLT	FTR	60	2,82	1 553,22	SEK	9,23	96 038,99	616899701 	
	2019-02-27	KÖPT	SOF B	100	14,75	-1 479,00	SEK	1,00	94 485,77	616889649 	
	2019-02-27	KÖPT	MQ	200	8,32	-1 668,00	SEK	1,00	95 964,77	616854719 	
	2019-02-26	KÖPT	TEVA	10	17,07	-1 596,68	SEK	9,30	97 632,77	616794086 	
	2019-02-26	KÖPT	TEVA	10	17,08	-1 597,61	SEK	9,30	99 229,45	616794084 	
	2019-02-26	KÖPT	GE	25	10,55	-2 467,16	SEK	9,32	100 827,06	616793111 	
	2019-02-26	SÅLT	ABB	8	190,00	1 516,00	SEK	1,00	103 294,22	616775585 	
	2019-02-26	KÖPT	SOF B	100	15,05	-1 509,00	SEK	1,00	101 778,22	616767992 	
	2019-02-25	KÖPT	FTR	75	2,43	-1 710,15	SEK	9,33	103 287,22	616683477 	
	2019-02-25	KÖPT	GE	20	10,83	-2 030,78	SEK	9,33	104 997,37	616683432 	
	2019-02-25	SÅLT	DB	25	8,81	2 038,18	SEK	9,29	107 028,15	616682557 	
	2019-02-25	KÖPT	GE	25	11,0395	-2 587,13	SEK	9,34	104 989,97	616682465 	
	2019-02-25	SÅLT	QHC	100	2,6812	2 484,65	SEK	9,30	107 577,10	616682094 	
	2019-02-25	SÅLT	SDRL	15	9,0401	1 249,98	SEK	9,28	105 092,45	616679143 	
	2019-02-25	SÅLT	GE	25	11,5618	2 675,64	SEK	9,29	103 842,47	616678820 	
	2019-02-22	KÖPT	RAD	250	0,7296	-1 717,00	SEK	9,36	101 166,83	616549446 	
	2019-02-22	KÖPT	FTR	60	2,51	-1 421,04	SEK	9,38	102 883,83	616548239 	
	2019-02-21	KÖPT	FTR	75	2,46	-1 739,53	SEK	9,38	104 304,87	616441377 	
	2019-02-21	KÖPT	FTR	75	2,62	-1 849,41	SEK	9,37	106 044,40	616440138 	
	2019-02-21	KÖPT	SOF B	100	15,60	-1 564,00	SEK	1,00	107 893,81	616405131 	
	2019-02-21	KÖPT	SOF B	100	15,90	-1 594,00	SEK	1,00	109 457,81	616401636 	
	2019-02-21	KÖPT	MQ	200	8,35	-1 674,00	SEK	1,00	111 051,81	616386985 	
	2019-02-20	SÅLT	SDRL	15	8,97	1 242,94	SEK	9,30	112 725,81	616314153 	
	2019-02-20	SÅLT	MQ	200	8,92	1 780,00	SEK	1,00	111 482,87	616261461 	
	2019-02-19	SÅLT	FTR	60	2,76	1 527,21	SEK	9,28	109 702,87	616200453 	
	2019-02-19	SÅLT	FTR	60	2,74	1 514,95	SEK	9,27	108 175,66	616200245 	
	2019-02-19	KÖPT	RAD	250	0,7835	-1 836,87	SEK	9,33	106 660,71	616200231 	
	2019-02-19	KÖPT	QHC	100	2,5796	-2 416,17	SEK	9,33	108 497,58	616200218 	
	2019-02-19	SÅLT	BKD	30	7,34	2 034,25	SEK	9,28	110 913,75	616200207 	
	2019-02-19	SÅLT	SDRL	15	8,88	1 234,97	SEK	9,34	108 879,50	616196105 	
	2019-02-15	SÅLT	TEVA	10	18,00	1 656,45	SEK	9,25	107 644,53	615957829 	
	2019-02-15	SÅLT	DB	25	8,7206	2 008,23	SEK	9,25	105 988,08	615957805 	
	2019-02-15	SÅLT	FTR	75	2,6401	1 823,09	SEK	9,25	103 979,85	615957735 	
	2019-02-15	SÅLT	SDRL	15	8,63	1 188,74	SEK	9,25	102 156,76	615957669 	
	2019-02-15	SÅLT	FTR	75	2,58	1 783,66	SEK	9,26	100 968,02	615956990 	
	2019-02-15	SÅLT	FTR	80	2,5006	1 846,55	SEK	9,28	99 184,36	615956047 	
	2019-02-15	SÅLT	QHC	80	2,80	2 069,44	SEK	9,28	97 337,81	615955540 	
	2019-02-15	SÅLT	MQ	200	8,60	1 716,00	SEK	1,00	95 268,37	615943415 	
	2019-02-15	SÅLT	ABB	8	182,70	1 458,00	SEK	1,00	93 552,37	615942648 	
	2019-02-14	KÖPT	BKD	30	6,90	-1 941,90	SEK	9,34	92 094,37	615835063 	
	2019-02-14	SÅLT	WDI	2	105,60	2 195,20	SEK	10,44	94 036,27	615832222 	
	2019-02-14	SÅLT	ABB	10	180,00	1 796,00	SEK	1,00	91 841,07	615821823 	
	2019-02-13	KÖPT	TEVA	10	17,4598	-1 626,48	SEK	9,26	90 045,07	615712904 	
	2019-02-13	KÖPT	QHC	80	2,61	-1 939,72	SEK	9,25	91 671,55	615711630 	
	2019-02-13	KÖPT	WDI	2	96,30	-2 020,52	SEK	10,44	93 611,27	615711397 	
	2019-02-13	SÅLT	FTR	75	2,40	1 647,12	SEK	9,20	95 631,79	615711098 	
	2019-02-13	SÅLT	FTR	75	2,3950	1 643,71	SEK	9,20	93 984,67	615711097 	
	2019-02-13	KÖPT	GE	25	10,00	-2 320,69	SEK	9,25	92 340,96	615711041 	
	2019-02-13	KÖPT	MQ	200	8,55	-1 714,00	SEK	1,00	94 661,65	615664911 	
	2019-02-13	KÖPT	MQ	200	8,45	-1 694,00	SEK	1,00	96 375,65	615658672 	
	 	
	2019-02-12	SÅLT	FTR	79	2,23	1 617,85	SEK	9,23	97 672,31	615596490 	
	2019-02-12	SÅLT	FTR	60	2,1723	1 197,09	SEK	9,25	96 054,46	615593146 	
	2019-02-12	UTTAG	 	0	0,00	-400,00	SEK	1,00	94 857,37	 	
	2019-02-12	KÖPT	MQ	200	8,70	-1 744,00	SEK	1,00	95 257,37	615576132 	
	2019-02-12	SÅLT	MQ	200	8,6770	1 731,00	SEK	1,00	97 001,37	615575885 	
	2019-02-12	KÖPT	MQ	200	8,77	-1 758,00	SEK	1,00	95 270,37	615562741 	
	2019-02-12	KÖPT	MQ	200	8,78	-1 760,00	SEK	1,00	97 028,37	615562499 	
	2019-02-12	KÖPT	ABB	15	175,85	-2 644,00	SEK	1,00	98 788,37	615557380 	
	2019-02-11	KÖPT	SDRL	15	7,85	-1 104,39	SEK	9,30	101 432,37	615473924 	
	2019-02-11	SÅLT	WDI	2	99,00	2 063,85	SEK	10,47	102 536,76	615469320 	
	2019-02-08	KÖPT	FTR	60	1,91	-1 073,80	SEK	9,29	100 472,91	615363195 	
	2019-02-08	SÅLT	WDI	2	95,01	1 981,11	SEK	10,47	101 546,71	615362562 	
	2019-02-08	KÖPT	WDI	2	96,63	-2 041,83	SEK	10,52	99 565,60	615360600 	
	2019-02-08	SÅLT	WDI	3	102,00	3 195,69	SEK	10,47	101 607,43	615360353 	
	2019-02-08	SÅLT	WDI	3	104,00	3 258,53	SEK	10,47	98 411,74	615360345 	
	2019-02-08	SÅLT	WDI	3	99,00	3 103,24	SEK	10,48	95 153,21	615360102 	
	2019-02-08	KÖPT	WDI	3	96,50	-3 059,11	SEK	10,54	92 049,97	615359876 	
	2019-02-08	KÖPT	WDI	4	100,00	-4 224,85	SEK	10,54	95 109,08	615359873 	
	2019-02-08	KÖPT	WDI	2	101,1750	-2 140,91	SEK	10,54	99 333,93	615359872 	
	2019-02-08	KÖPT	WDI	2	106,00	-2 242,58	SEK	10,54	101 474,84	615359871 	
	2019-02-08	SÅLT	WDI	2	115,40	2 408,76	SEK	10,48	103 717,42	615359411 	
	2019-02-07	KÖPT	DB	23	8,36	-1 790,84	SEK	9,27	101 308,66	615240536 	
	2019-02-07	KÖPT	WDI	2	108,55	-2 288,42	SEK	10,50	103 099,50	615237376 	
	2019-02-07	KÖPT	ABB	10	178,80	-1 792,00	SEK	1,00	105 387,92	615217195 	
	2019-02-07	KÖPT	ABB	10	178,95	-1 794,00	SEK	1,00	107 179,92	615215960 	
	2019-02-04	SÅLT	FTR	60	2,14	1 157,39	SEK	9,08	108 973,92	614700306 	
 	
	2019-01-31	SÅLT	GE	6	10,50	559,54	SEK	9,02	107 824,62	614451106 	
	2019-01-30	SÅLT	GE	30	9,28	2 504,53	SEK	9,03	107 265,08	614312023 	
	2019-01-30	SÅLT	GE	30	9,23	2 504,16	SEK	9,08	104 760,55	614311560 	
	2019-01-30	SÅLT	GE	30	9,18	2 490,54	SEK	9,08	102 256,39	614311558 	
	2019-01-30	SÅLT	GE	30	9,13	2 474,34	SEK	9,07	99 765,85	614310786 	
	2019-01-30	SÅLT	GE	30	9,1019	2 468,33	SEK	9,07	97 291,51	614310785 	
	2019-01-29	KÖPT	GE	30	8,65	-2 369,30	SEK	9,10	94 823,18	614185255 