	2019-01-03	KÖPT	FTR	60	2,3699	-1 292,02	SEK	9,02	18 301,44	612119857 	
	2019-01-03	SÅLT	CYH	65	3,20	1 857,68	SEK	8,97	19 593,46	612118426 	
	2019-01-03	SÅLT	GE	30	8,18	2 195,79	SEK	8,98	17 735,78	612117196 	
	2019-01-03	SÅLT	GE	35	8,15	2 553,82	SEK	8,98	15 539,99	612117194 	
	2019-01-03	KÖPT	AMD	9	17,18	-1 408,24	SEK	9,05	12 986,17	612116057 	
	2019-01-03	KÖPT	FTR	60	2,40	-1 312,59	SEK	9,05	14 394,41	612115219 	
	2019-01-02	SÅLT	SDRL	15	10,1334	1 357,98	SEK	8,99	15 707,00	611996985 	
	2019-01-02	SÅLT	FTR	60	2,55	1 364,28	SEK	8,98	14 349,02	611995551 	
	2019-01-02	SÅLT	CYH	70	3,0819	1 924,19	SEK	8,96	12 984,74	611995199 	
	2019-01-02	SÅLT	GE	35	8,15	2 547,17	SEK	8,96	11 060,55	611994789 	
	2019-01-02	SÅLT	GE	35	8,10	2 531,48	SEK	8,96	8 513,38	611994607 	
	2019-01-02	SÅLT	GE	30	8,05	2 155,12	SEK	8,96	5 981,90	611994602 	
	2019-01-02	SÅLT	GE	35	7,98	2 498,95	SEK	8,98	3 826,78	611994597 	
	2019-01-02	SÅLT	GE	35	7,95	2 489,52	SEK	8,98	1 327,83	611994367 	
	2019-01-02	SÅLT	GE	35	7,89	2 468,92	SEK	8,97	-1 161,69	611993799 	
	2019-01-02	SÅLT	FTR	60	2,45	1 310,05	SEK	8,97	-3 630,61	611993509 	
	2019-01-02	SÅLT	GE	35	7,85	2 456,36	SEK	8,97	-4 940,66	611993317 	
	2019-01-02	SÅLT	GE	35	7,80	2 440,66	SEK	8,97	-7 397,02	611993311 	
	2019-01-02	SÅLT	GE	100	7,7806	6 964,17	SEK	8,97	-9 837,68	611993062 	
	2019-01-02	UTTAG	 	0	0,00	-11 040,18	SEK	1,00	-16 801,85	 	
	2019-01-02	UTTAG	 	0	0,00	-25 000,00	SEK	1,00	-5 761,67	 	
	2018-12-31	KAP. DEB RÄNTA	 	0	0,00	-18,09	SEK	1,00	19 238,33	 	
	2018-12-31	KÖPT	CYH	70	2,7850	-1 743,53	SEK	8,90	19 256,42	611859552 	
	2018-12-31	SÅLT	FTR	75	2,45	1 617,72	SEK	8,85	20 999,95	611859537 	
	2018-12-31	SÅLT	RAD	225	0,71	1 405,25	SEK	8,85	19 382,23	611859482 	
	2018-12-28	SÅLT	FTR	60	2,39	1 273,25	SEK	8,94	17 976,98	611837402 	
	2018-12-28	SÅLT	DB	18	8,10	1 295,35	SEK	8,95	16 703,73	611837295 	
	2018-12-28	SÅLT	FTR	60	2,37	1 263,76	SEK	8,95	15 408,38	611836478 	
	2018-12-28	SÅLT	GE	35	7,62	2 374,92	SEK	8,94	14 144,62	611836084 	
	2018-12-28	SÅLT	GE	35	7,60	2 368,67	SEK	8,94	11 769,70	611836082 	
	2018-12-28	SÅLT	GE	35	7,57	2 361,26	SEK	8,95	9 401,03	611836075 	
	2018-12-28	SÅLT	QHC	60	3,11	1 660,34	SEK	8,95	7 039,77	611835813 	
	2018-12-28	SÅLT	GE	35	7,54	2 351,87	SEK	8,95	5 379,43	611835577 	
	2018-12-28	SÅLT	GE	35	7,48	2 331,83	SEK	8,94	3 027,56	611835324 	
	2018-12-28	SÅLT	RAD	225	0,6931	1 383,25	SEK	8,93	695,73	611834751 	
	2018-12-28	SÅLT	FTR	75	2,34	1 558,48	SEK	8,93	-687,52	611834516 	
	2018-12-28	SÅLT	GE	35	7,58	2 359,47	SEK	8,93	-2 246,00	611834342 	
	2018-12-28	SÅLT	GE	35	7,54	2 348,03	SEK	8,93	-4 605,47	611834094 	
	2018-12-28	SÅLT	GE	35	7,48	2 329,27	SEK	8,93	-6 953,50	611834087 	
	2018-12-28	SÅLT	GE	35	7,44	2 316,77	SEK	8,93	-9 282,77	611834085 	
	2018-12-28	SÅLT	GE	35	7,38	2 298,01	SEK	8,93	-11 599,54	611833837 	
	2018-12-28	SÅLT	GE	35	7,34	2 285,51	SEK	8,93	-13 897,55	611833834 	
	2018-12-28	UTTAG	 	0	0,00	-20 000,00	SEK	1,00	-16 183,06	 	
	2018-12-27	INS. KREDIT	 	0	0,00	12 383,81	SEK	1,00	3 816,94	 	
	2018-12-27	SÅLT	AMD	11	17,4408	1 716,01	SEK	8,99	-8 566,87	611714243 	
	2018-12-27	SÅLT	GE	35	7,25	2 270,13	SEK	8,98	-10 282,88	611714226 	
	2018-12-27	KÖPT	FTR	70	2,10	-1 337,28	SEK	9,04	-12 553,01	611713262 	
	2018-12-27	KÖPT	QHC	60	3,12	-1 699,76	SEK	9,03	-11 215,73	611713098 	
	2018-12-27	KÖPT	AMD	11	16,6499	-1 663,18	SEK	9,03	-9 515,97	611713014 	
	2018-12-27	KÖPT	GE	40	6,95	-2 520,99	SEK	9,04	-7 852,79	611712995 	
	2018-12-27	KÖPT	GE	40	7,00	-2 539,06	SEK	9,04	-5 331,80	611712992 	
	2018-12-27	KÖPT	CYH	65	2,8250	-1 667,51	SEK	9,03	-2 792,74	611712881 	
	2018-12-27	SÅLT	FVE	150	0,50	664,88	SEK	8,99	-1 125,23	611712623 	
	2018-12-27	KÖPT	RAD	200	0,6096	-1 113,01	SEK	9,06	-1 790,11	611711817 	
	2018-12-27	KÖPT	GE	40	7,05	-2 562,56	SEK	9,06	-677,10	611711498 	
	2018-12-27	KÖPT	DB	20	7,72	-1 403,70	SEK	9,03	1 885,46	611711371 	
	2018-12-27	KÖPT	GE	40	7,08	-2 570,08	SEK	9,04	3 289,16	611710735 	
	2018-12-27	KÖPT	GE	35	7,15	-2 276,29	SEK	9,06	5 859,24	611709757 	
	2018-12-27	UTTAG	 	0	0,00	-20 000,00	SEK	1,00	8 135,53	 	
	2018-12-26	INS. KREDIT	 	0	0,00	10 285,97	SEK	1,00	28 135,53	 	
	2018-12-26	SÅLT	CYH	65	2,9950	1 756,41	SEK	9,07	17 849,56	611590155 	
	2018-12-26	SÅLT	FTR	60	2,28	1 231,54	SEK	9,07	16 093,15	611590114 	
	2018-12-26	SÅLT	GE	35	7,40	2 339,68	SEK	9,07	14 861,61	611590051 	
	2018-12-26	SÅLT	GE	35	7,35	2 323,81	SEK	9,07	12 521,93	611590050 	
	2018-12-26	SÅLT	CYH	65	2,9019	1 702,85	SEK	9,08	10 198,12	611589929 	
	2018-12-26	SÅLT	TEVA	10	15,5412	1 401,45	SEK	9,08	8 495,27	611589827 	
	2018-12-26	SÅLT	GE	35	7,32	2 314,29	SEK	9,07	7 093,82	611589814 	
	2018-12-26	SÅLT	GE	35	7,27	2 300,30	SEK	9,08	4 779,53	611589808 	
	2018-12-26	SÅLT	AMD	8	17,4901	1 260,87	SEK	9,08	2 479,23	611589793 	
	2018-12-26	SÅLT	SDRL	11	8,76	865,53	SEK	9,08	1 218,36	611589726 	
	2018-12-26	SÅLT	GE	35	7,24	2 289,99	SEK	9,07	352,83	611589572 	
	2018-12-26	SÅLT	SDRL	12	8,64	931,22	SEK	9,07	-1 937,16	611589488 	
	2018-12-26	SÅLT	FTR	75	2,24	1 514,50	SEK	9,07	-2 868,38	611589396 	
	2018-12-26	SÅLT	GE	35	7,24	2 288,95	SEK	9,07	-4 382,88	611589324 	
	2018-12-26	SÅLT	GE	35	7,18	2 269,91	SEK	9,07	-6 671,83	611589322 	
	2018-12-26	SÅLT	FVE	300	0,5209	1 405,06	SEK	9,05	-8 941,74	611588972 	
	2018-12-26	KÖPT	FTR	75	2,02	-1 389,49	SEK	9,11	-10 346,80	611588692 	
	2018-12-26	KÖPT	FTR	75	2,10	-1 442,93	SEK	9,10	-8 957,31	611588017 	
	2018-12-26	KÖPT	GE	40	6,80	-2 485,37	SEK	9,10	-7 514,38	611587911 	
	2018-12-26	KÖPT	GE	40	6,85	-2 503,58	SEK	9,10	-5 029,01	611587908 	
	2018-12-26	KÖPT	GE	40	6,91	-2 525,43	SEK	9,10	-2 525,43	611587685 	
	2018-12-24	INS. KREDIT	 	0	0,00	8 379,44	SEK	1,00	0,00	 	
	2018-12-24	KÖPT	GE	40	6,95	-2 531,86	SEK	9,08	-8 379,44	611581552 	
	2018-12-24	KÖPT	GE	40	7,00	-2 550,01	SEK	9,08	-5 847,58	611581551 	
	2018-12-24	KÖPT	SDRL	12	8,06	-886,00	SEK	9,07	-3 297,57	611581484 	
	2018-12-24	SÅLT	FVE	300	0,50	1 344,63	SEK	9,02	-2 411,57	611581201 	
	2018-12-24	SÅLT	FVE	300	0,45	1 207,34	SEK	9,01	-3 756,20	611580804 	
	2018-12-24	KÖPT	GE	40	7,05	-2 567,90	SEK	9,07	-4 963,54	611580334 	
	2018-12-24	KÖPT	GE	40	7,04	-2 564,27	SEK	9,07	-2 395,64	611580333 	
	2018-12-21	KÖPT	RAD	250	0,7097	-1 620,94	SEK	9,08	168,63	611575487 	
	2018-12-21	KÖPT	CYH	50	2,8250	-1 292,25	SEK	9,08	1 789,57	611575458 	
	2018-12-21	SÅLT	FVE	200	0,40	713,46	SEK	9,03	3 081,82	611575446 	
	2018-12-21	KÖPT	AMD	8	17,01	-1 244,07	SEK	9,08	2 368,36	611575332 	
	2018-12-21	KÖPT	TEVA	10	15,11	-1 381,74	SEK	9,08	3 612,43	611575265 	
	2018-12-21	KÖPT	FTR	76	2,1999	-1 526,42	SEK	9,08	4 994,17	611575260 	
	2018-12-21	KÖPT	GE	40	7,14	-2 596,16	SEK	9,06	6 520,59	611574414 	
	2018-12-21	KÖPT	GE	40	7,20	-2 617,90	SEK	9,06	9 116,75	611574411 	
	2018-12-21	KÖPT	GE	40	7,25	-2 624,71	SEK	9,02	11 734,65	611572916 	
	2018-12-21	SÅLT	FVE	300	0,40	1 070,78	SEK	9,00	14 359,36	611572422 	
	2018-12-21	SÅLT	FVE	250	0,36	800,83	SEK	9,00	13 288,58	611572229 	
	2018-12-21	KÖPT	GE	40	7,31	-2 651,81	SEK	9,04	12 487,75	611571400 	
	2018-12-21	KÖPT	GE	40	7,35	-2 662,50	SEK	9,03	15 139,56	611571167 	
	2018-12-21	KÖPT	SDRL	12	8,50	-929,60	SEK	9,03	17 802,06	611570848 	
	2018-12-20	KÖPT	CYH	80	2,86	-2 065,48	SEK	8,99	18 731,66	611465735 	
	2018-12-20	SÅLT	GE	35	7,50	2 338,61	SEK	8,94	20 797,14	611465500 	
	2018-12-20	KÖPT	GE	40	7,40	-2 671,94	SEK	9,00	18 458,53	611465024 	
	2018-12-20	SÅLT	GE	40	7,47	2 665,73	SEK	8,95	21 130,47	611464522 	
	2018-12-20	KÖPT	GE	40	7,45	-2 696,42	SEK	9,02	18 464,74	611463516 	
	2018-12-20	KÖPT	GE	35	7,50	-2 371,59	SEK	9,00	21 161,16	611463025 	
	2018-12-20	KÖPT	DB	20	8,09	-1 463,05	SEK	8,99	23 532,75	611461664 	
	2018-12-19	KÖPT	FTR	50	2,28	-1 048,78	SEK	9,12	24 995,80	611357971 	
	2018-12-19	KÖPT	GE	35	7,60	-2 436,02	SEK	9,12	26 044,58	611357032 	
	2018-12-19	KÖPT	GE	35	7,65	-2 438,68	SEK	9,07	28 480,60	611353139 	
	2018-12-19	KÖPT	GE	35	7,70	-2 454,56	SEK	9,07	30 919,28	611353136 	
	2018-12-19	KÖPT	GE	35	7,75	-2 472,12	SEK	9,08	33 373,84	611350573 	
	2018-12-19	SÅLT	GE	35	7,95	2 500,40	SEK	9,02	35 845,96	611346677 	
	2018-12-19	SÅLT	GE	35	7,90	2 484,61	SEK	9,02	33 345,56	611346417 	
	2018-12-19	SÅLT	GE	35	7,87	2 475,14	SEK	9,02	30 860,95	611346416 	
	2018-12-19	SÅLT	GE	35	7,85	2 468,83	SEK	9,02	28 385,81	611344943 	
	2018-12-19	SÅLT	GE	35	7,82	2 459,36	SEK	9,02	25 916,98	611344201 	
	2018-12-19	SÅLT	FVE	300	0,3714	997,94	SEK	9,04	23 457,62	611341493 	
	2018-12-19	SÅLT	GE	35	7,75	2 442,38	SEK	9,04	22 459,68	611341460 	
	2018-12-19	SÅLT	GE	35	7,65	2 412,67	SEK	9,04	20 017,30	611340954 	
	2018-12-19	INSÄTTNING	 	0	0,00	10 000,00	SEK	1,00	17 604,63	 	
	2018-12-18	KÖPT	GE	40	7,28	-2 658,54	SEK	9,10	7 604,63	611261884 	
	2018-12-18	KÖPT	GE	40	7,26	-2 651,26	SEK	9,10	10 263,17	611261636 	
	2018-12-18	KÖPT	FTR	60	2,45	-1 343,94	SEK	9,08	12 914,43	611261324 	
	2018-12-18	KÖPT	GE	40	7,31	-2 664,36	SEK	9,08	14 258,37	611261144 	
	2018-12-18	KÖPT	SDRL	11	9,23	-930,06	SEK	9,07	16 922,73	611258042 	
	2018-12-18	SÅLT	GE	40	7,55	2 716,15	SEK	9,02	17 852,79	611257448 	
	2018-12-18	SÅLT	GE	40	7,30	2 625,92	SEK	9,02	15 136,64	611257189 	
	2018-12-18	SÅLT	GE	40	7,25	2 607,87	SEK	9,02	12 510,72	611257185 	
	2018-12-18	SÅLT	GE	40	7,48	2 689,60	SEK	9,02	9 902,85	611256704 	
	2018-12-18	SÅLT	GE	40	7,45	2 681,13	SEK	9,03	7 213,25	611256464 	
	2018-12-18	SÅLT	GE	40	7,42	2 670,30	SEK	9,03	4 532,12	611256457 	
	2018-12-18	SÅLT	GE	40	7,40	2 663,07	SEK	9,03	1 861,82	611256456 	
	2018-12-18	SÅLT	GE	40	7,35	2 645,02	SEK	9,03	-801,25	611256345 	
	2018-12-18	UTTAG	 	0	0,00	-20 000,00	SEK	1,00	-3 446,27	 	
	2018-12-17	KÖPT	SDRL	10	10,50	-960,72	SEK	9,06	16 553,73	611131109 	
	2018-12-17	SÅLT	GE	40	7,20	2 588,41	SEK	9,02	17 514,45	611130799 	
	2018-12-14	UTTAG	 	0	0,00	-15 000,00	SEK	1,00	14 926,04	 	
	2018-12-13	SÅLT	GE	40	7,37	2 655,09	SEK	9,04	29 926,04	610949357 	
	2018-12-13	SÅLT	GE	40	7,34	2 644,25	SEK	9,04	27 270,95	610949355 	
	2018-12-13	KÖPT	FVE	300	0,35	-962,64	SEK	9,08	24 626,70	610949328 	
	2018-12-13	KÖPT	FTR	50	2,75	-1 257,81	SEK	9,08	25 589,34	610949320 	
	2018-12-13	SÅLT	GE	40	7,45	2 687,40	SEK	9,05	26 847,15	610949232 	
	2018-12-13	SÅLT	GE	40	7,44	2 683,78	SEK	9,05	24 159,75	610949231 	
	2018-12-13	SÅLT	GE	40	7,42	2 676,54	SEK	9,05	21 475,97	610949230 	
	2018-12-13	SÅLT	GE	40	7,40	2 669,30	SEK	9,05	18 799,43	610949229 	
	2018-12-13	SÅLT	GE	40	7,38	2 662,06	SEK	9,05	16 130,13	610949228 	
	2018-12-13	SÅLT	GE	40	7,40	2 670,48	SEK	9,05	13 468,07	610949225 	
	2018-12-13	SÅLT	GE	40	7,42	2 677,73	SEK	9,05	10 797,59	610949222 	
	2018-12-13	SÅLT	GE	40	7,38	2 662,30	SEK	9,05	8 119,86	610949220 	
	2018-12-13	SÅLT	GE	40	7,4118	2 673,79	SEK	9,05	5 457,56	610949219 	
	2018-12-13	SÅLT	GE	40	7,41	2 673,16	SEK	9,05	2 783,77	610949197 	
	2018-12-13	SÅLT	GE	40	7,37	2 655,59	SEK	9,04	110,61	610949196 	
	2018-12-13	SÅLT	GE	40	7,47	2 691,75	SEK	9,04	-2 544,98	610949193 	
	2018-12-13	SÅLT	GE	40	7,45	2 684,52	SEK	9,04	-5 236,73	610949191 	
	2018-12-13	SÅLT	GE	40	7,45	2 684,52	SEK	9,04	-7 921,25	610949190 	
	2018-12-13	SÅLT	GE	40	7,43	2 677,29	SEK	9,04	-10 605,77	610949186 	
	2018-12-13	SÅLT	GE	40	7,43	2 677,29	SEK	9,04	-13 283,06	610949185 	
	2018-12-13	SÅLT	QHC	80	3,5603	2 563,34	SEK	9,03	-15 960,35	610949055 	
	2018-12-13	KÖPT	QHC	80	3,37	-2 457,57	SEK	9,08	-18 523,69	610948677 	
	2018-12-13	KÖPT	SDRL	10	11,18	-1 024,40	SEK	9,08	-16 066,12	610947535 	
	2018-12-13	UTTAG	 	0	0,00	-30 000,00	SEK	1,00	-15 041,72	 	
	2018-12-13	INSÄTTNING	 	0	0,00	10 000,00	SEK	1,00	14 958,28	 	
	2018-12-12	KÖPT	FTR	50	2,80	-1 284,16	SEK	9,11	4 958,28	610849722 	
	2018-12-12	SÅLT	DB	17	9,00	1 378,74	SEK	9,07	6 242,44	610848438 	
	2018-12-12	SÅLT	DB	17	8,8910	1 362,08	SEK	9,07	4 863,70	610847743 	
	2018-12-12	SÅLT	GE	40	7,00	2 534,67	SEK	9,08	3 501,62	610847115 	
	2018-12-11	KÖPT	GE	45	6,66	-2 739,27	SEK	9,11	966,95	610754213 	
	2018-12-11	KÖPT	FTR	50	2,91	-1 334,51	SEK	9,11	3 706,22	610753784 	
	2018-12-11	KÖPT	GE	40	6,76	-2 472,35	SEK	9,11	5 040,73	610753720 	
	2018-12-11	KÖPT	GE	40	6,80	-2 486,92	SEK	9,11	7 513,08	610753718 	
	2018-12-11	INSÄTTNING	 	0	0,00	10 000,00	SEK	1,00	10 000,00	 	
	2018-12-10	INS. KREDIT	 	0	0,00	5 026,37	SEK	1,00	0,00	 	
	2018-12-10	KÖPT	GE	40	6,85	-2 492,48	SEK	9,06	-5 026,37	610655180 	
	2018-12-10	KÖPT	GE	40	6,95	-2 533,89	SEK	9,08	-2 533,89	610652962 	
	2018-12-07	INS. KREDIT	 	0	0,00	12 894,40	SEK	1,00	0,00	 	
	2018-12-07	KÖPT	GE	40	7,00	-2 542,40	SEK	9,05	-12 894,40	610546248 	
	2018-12-07	KÖPT	GE	40	7,05	-2 559,88	SEK	9,05	-10 352,00	610545762 	
	2018-12-07	KÖPT	GE	40	7,10	-2 578,93	SEK	9,05	-7 792,12	610545544 	
	2018-12-07	KÖPT	GE	40	7,15	-2 598,98	SEK	9,06	-5 213,19	610545031 	
	2018-12-07	KÖPT	GE	40	7,20	-2 614,21	SEK	9,05	-2 614,21	610544784 	
	2018-12-06	INS. KREDIT	 	0	0,00	7 438,92	SEK	1,00	0,00	 	
	2018-12-06	KÖPT	FTR	40	3,33	-1 209,84	SEK	9,02	-7 438,92	610436325 	
	2018-12-06	KÖPT	SDRL	8	13,32	-968,57	SEK	9,00	-6 229,08	610436049 	
	2018-12-06	KÖPT	SDRL	10	13,52	-1 227,31	SEK	9,01	-5 260,51	610435800 	
	2018-12-06	KÖPT	DB	18	8,8099	-1 437,99	SEK	9,01	-4 033,20	610435317 	
	2018-12-06	KÖPT	GE	40	7,1750	-2 595,21	SEK	9,01	-2 595,21	610434453 	
	2018-12-04	INS. KREDIT	 	0	0,00	10 892,73	SEK	1,00	0,00	 	
	2018-12-04	KÖPT	GE	40	7,32	-2 657,74	SEK	9,05	-10 892,73	610114676 	
	2018-12-04	KÖPT	GE	40	7,36	-2 672,34	SEK	9,05	-8 234,99	610113476 	
	2018-12-04	KÖPT	GE	35	7,41	-2 352,42	SEK	9,04	-5 562,65	610113234 	
	2018-12-04	KÖPT	GE	35	7,46	-2 368,23	SEK	9,04	-3 210,23	610113232 	
	2018-12-04	KÖPT	GE	35	7,49	-2 378,93	SEK	9,04	-842,00	610112979 	
	2018-12-04	KÖPT	GE	35	7,50	-2 379,75	SEK	9,03	1 536,93	610112719 	
	2018-12-03	INS. KREDIT	 	0	0,00	1,16	SEK	1,00	3 916,68	 	
	2018-12-03	SÅLT	SDRL	6	15,21	812,82	SEK	9,01	3 915,52	609987983 	
	2018-12-03	SÅLT	SDRL	6	14,95	798,52	SEK	9,00	3 102,70	609987244 
	2018-12-03	SÅLT	GE	35	7,95	2 495,93	SEK	9,00	2 304,18	609986927 	
	2018-12-03	SÅLT	GE	35	7,90	2 480,17	SEK	9,00	-191,75	609986923 	
	2018-12-03	SÅLT	GE	35	7,80	2 450,22	SEK	9,01	-2 671,92	609986500 	
	2018-12-03	SÅLT	SDRL	8	14,50	1 036,76	SEK	9,02	-5 122,14	609984590 	
	2018-12-03	SÅLT	DB	20	9,49	1 702,69	SEK	9,02	-6 158,90	609984101 	
	2018-12-03	SÅLT	DAI	4	52,45	2 139,57	SEK	10,24	-7 861,59	609976024 	
	2018-12-03	UTTAG	 	0	0,00	-10 000,00	SEK	1,00	-10 001,16	 	
	2018-11-30	KAP. DEB RÄNTA	 	0	0,00	-1,16	SEK	1,00	-1,16	 	
	2018-11-30	INS. KREDIT	 	0	0,00	3 245,71	SEK	1,00	0,00	 	
	2018-11-30	KÖPT	SDRL	8	13,6871	-1 009,41	SEK	9,14	-3 245,71	609825437 	
	2018-11-30	KÖPT	SDRL	10	13,69	-1 259,74	SEK	9,14	-2 236,30	609825231 	
	2018-11-30	KÖPT	GE	35	7,43	-2 384,50	SEK	9,13	-976,56	609824888 	
	2018-11-30	KÖPT	FVE	300	0,38	-1 048,97	SEK	9,12	1 407,94	609824809 	
	2018-11-30	KÖPT	GE	35	7,45	-2 387,31	SEK	9,12	2 456,91	609822967 	
	2018-11-30	KÖPT	GE	35	7,4793	-2 396,71	SEK	9,12	4 844,22	609822966 	
	2018-11-29	SÅLT	GE	35	7,98	2 519,56	SEK	9,05	7 240,93	609718415 	
	2018-11-29	KÖPT	DB	20	9,43	-1 724,99	SEK	9,10	4 721,37	609718283 	
	2018-11-29	SÅLT	GE	35	7,93	2 503,72	SEK	9,05	6 446,36	609718172 	
	2018-11-29	SÅLT	GE	35	7,85	2 478,04	SEK	9,05	3 942,64	609718167 	
	2018-11-29	SÅLT	GE	35	7,77	2 453,13	SEK	9,05	1 464,60	609716951 	
	2018-11-29	KÖPT	FVE	138	0,40	-510,54	SEK	9,09	-988,53	609716890 	
	2018-11-29	UTTAG	 	0	0,00	-10 000,00	SEK	1,00	-477,99	 	
	2018-11-28	INS. KREDIT	 	0	0,00	327,46	SEK	1,00	9 522,01	 	
	2018-11-28	KÖPT	FVE	162	0,40	-596,15	SEK	9,06	9 194,55	609575488 	
	2018-11-28	SÅLT	GE	35	7,72	2 427,07	SEK	9,02	9 790,70	609575019 	
	2018-11-28	SÅLT	GE	35	7,65	2 404,98	SEK	9,02	7 363,63	609575016 	
	2018-11-28	SÅLT	FTR	50	3,76	1 688,45	SEK	9,03	4 958,65	609574215 	
	2018-11-28	SÅLT	GE	35	7,58	2 386,39	SEK	9,03	3 270,20	609574030 	
	2018-11-28	KÖPT	GE	40	7,37	-2 696,32	SEK	9,12	883,81	609571562 	
	2018-11-28	SÅLT	MQ	100	12,30	1 227,00	SEK	1,00	3 580,13	609557059 	
	2018-11-27	SÅLT	QHC	50	3,98	1 797,91	SEK	9,08	2 353,13	609477882 	
	2018-11-26	INS. KREDIT	 	0	0,00	5 028,50	SEK	1,00	555,22	 	
	2018-11-26	KÖPT	FVE	200	0,4179	-770,37	SEK	9,11	-4 473,28	609387280 	
	2018-11-26	KÖPT	FVE	100	0,4179	-389,68	SEK	9,11	-3 702,91	609387279 	
	2018-11-26	SÅLT	DB	20	9,6819	1 747,21	SEK	9,07	-3 313,23	609386293 	
	2018-11-26	KÖPT	GE	40	7,32	-2 677,00	SEK	9,11	-5 060,44	609385718 	
	2018-11-26	KÖPT	GE	35	7,45	-2 383,44	SEK	9,11	-2 383,44	609384523 	
	2018-11-23	INS. KREDIT	 	0	0,00	266,45	SEK	1,00	0,00	 	
	2018-11-23	KÖPT	GE	40	7,58	-2 762,49	SEK	9,11	-266,45	609294046 	
	2018-11-23	KÖPT	DB	17	9,25	-1 441,72	SEK	9,11	2 496,04	609294023 	
	2018-11-21	SÅLT	GE	35	7,92	2 491,76	SEK	9,02	3 937,76	609118732 	
	2018-11-21	SÅLT	SOF B	100	14,50	1 446,00	SEK	1,00	1 446,00	609106517 	
	2018-11-20	INS. KREDIT	 	0	0,00	3 582,61	SEK	1,00	0,00	 	
	2018-11-20	KÖPT	FTR	40	3,50	-1 285,97	SEK	9,12	-3 582,61	609026245 	
	2018-11-20	KÖPT	GE	40	7,59	-2 778,21	SEK	9,12	-2 296,64	609026139 	
	2018-11-20	KÖPT	GE	40	7,55	-2 747,66	SEK	9,07	481,57	609022013 	
	2018-11-19	SÅLT	FVE	135	0,45	536,23	SEK	8,97	3 229,23	608890198 	
	2018-11-19	SÅLT	MQ	100	12,30	1 227,00	SEK	1,00	2 693,00	608863897 	
	2018-11-19	SÅLT	SOF B	100	14,70	1 466,00	SEK	1,00	1 466,00	608862485 	
	2018-11-16	INS. KREDIT	 	0	0,00	11 842,15	SEK	1,00	0,00	 	
	2018-11-16	KÖPT	QHC	50	4,0389	-1 831,72	SEK	9,03	-11 842,15	608791397 	
	2018-11-16	KÖPT	GE	35	7,75	-2 459,67	SEK	9,03	-10 010,43	608789965 	
	2018-11-16	SÅLT	FVE	165	0,45	658,90	SEK	9,00	-7 550,76	608789910 	
	2018-11-16	KÖPT	GE	35	7,85	-2 492,83	SEK	9,04	-8 209,66	608789466 	
	2018-11-16	KÖPT	GE	40	7,90	-2 862,42	SEK	9,03	-5 716,83	608788700 	
	2018-11-16	KÖPT	GE	40	8,00	-2 898,54	SEK	9,03	-2 854,41	608787974 	
	2018-11-16	KÖPT	GE	40	8,05	-2 916,60	SEK	9,03	44,13	608787971 	
	2018-11-15	KÖPT	GE	40	8,12	-2 962,98	SEK	9,09	2 960,73	608676110 	
	2018-11-14	KÖPT	FVE	500	0,40	-1 828,72	SEK	9,10	5 923,71	608576594 	
	2018-11-14	KÖPT	GE	35	8,21	-2 627,37	SEK	9,11	7 752,43	608575754 	
	2018-11-14	SÅLT	GE	35	8,85	2 791,22	SEK	9,04	10 379,80	608573238 	
	2018-11-13	KÖPT	FVE	200	0,65	-1 190,81	SEK	9,09	7 588,58	608469967 	
	2018-11-13	SÅLT	GE	40	8,97	3 236,71	SEK	9,05	8 779,39	608469010 	
	2018-11-13	SÅLT	GE	35	8,90	2 808,84	SEK	9,05	5 542,68	608468993 	
	2018-11-13	SÅLT	GE	35	8,67	2 733,84	SEK	9,04	2 733,84	608468747 	
	2018-11-12	INS. KREDIT	 	0	0,00	23 892,09	SEK	1,00	0,00	 	
	2018-11-12	KÖPT	GE	35	7,90	-2 540,20	SEK	9,15	-23 892,09	608368842 	
	2018-11-12	KÖPT	GE	40	7,9581	-2 923,04	SEK	9,15	-21 351,89	608368838 	
	2018-11-12	KÖPT	GE	40	8,07	-2 965,18	SEK	9,16	-18 428,85	608368611 	
	2018-11-12	KÖPT	GE	35	8,12	-2 610,66	SEK	9,15	-15 463,67	608368605 	
	2018-11-12	KÖPT	GE	35	7,95	-2 548,97	SEK	9,13	-12 853,01	608366672 	
	2018-11-12	KÖPT	GE	35	7,95	-2 551,23	SEK	9,14	-10 304,04	608366435 	
	2018-11-12	KÖPT	GE	35	7,98	-2 560,82	SEK	9,14	-7 752,81	608366168 	
	2018-11-12	KÖPT	GE	35	8,05	-2 583,20	SEK	9,14	-5 191,99	608365694 	
	2018-11-12	KÖPT	GE	35	8,13	-2 608,79	SEK	9,14	-2 608,79	608365689 	
	2018-11-09	INS. KREDIT	 	0	0,00	21 225,62	SEK	1,00	0,00	 	
	2018-11-09	KÖPT	GE	35	8,18	-2 614,39	SEK	9,10	-21 225,62	608269663 	
	2018-11-09	KÖPT	GE	30	8,15	-2 227,13	SEK	9,07	-18 611,23	608268975 	
	2018-11-09	KÖPT	GE	30	8,25	-2 254,35	SEK	9,07	-16 384,10	608268962 	
	2018-11-09	KÖPT	GE	30	8,35	-2 284,03	SEK	9,08	-14 129,75	608268483 	
	2018-11-09	KÖPT	GE	30	8,45	-2 312,47	SEK	9,09	-11 845,72	608267998 	
	2018-11-09	KÖPT	GE	30	8,55	-2 339,73	SEK	9,09	-9 533,25	608267984 	
	2018-11-09	KÖPT	GE	30	8,65	-2 366,99	SEK	9,09	-7 193,52	608267737 	
	2018-11-09	KÖPT	GE	30	8,86	-2 420,53	SEK	9,07	-4 826,53	608267255 	
	2018-11-09	KÖPT	GE	30	8,80	-2 406,00	SEK	9,08	-2 406,00	608266966 	
	2018-11-08	INS. KREDIT	 	0	0,00	5 007,40	SEK	1,00	0,00	 	
	2018-11-08	KÖPT	GE	25	9,07	-2 060,10	SEK	9,05	-5 007,40	608172763 	
	2018-11-08	KÖPT	GE	25	9,13	-2 076,30	SEK	9,06	-2 947,30	608172512 	
	2018-11-08	KÖPT	SDRL	5	19,12	-871,00	SEK	9,02	-871,00	608171948 	
	2018-11-07	INS. KREDIT	 	0	0,00	13 586,00	SEK	1,00	0,00	 	
	2018-11-07	KÖPT	FTR	50	4,2199	-1 911,92	SEK	9,02	-13 586,00	608069019 	
	2018-11-07	KÖPT	GE	30	9,18	-2 492,72	SEK	9,02	-11 674,08	608068853 	
	2018-11-07	KÖPT	GE	30	9,1899	-2 497,75	SEK	9,03	-9 181,36	608068604 	
	2018-11-07	KÖPT	GE	30	9,15	-2 486,12	SEK	9,02	-6 683,61	608066476 	
	2018-11-07	KÖPT	GE	25	9,20	-2 087,45	SEK	9,04	-4 197,49	608065958 	
	2018-11-07	KÖPT	GE	25	9,30	-2 110,04	SEK	9,04	-2 110,04	608065955 	
	2018-11-02	INS. KREDIT	 	0	0,00	13 158,15	SEK	1,00	0,00	 	
	2018-11-02	KÖPT	GE	30	9,22	-2 523,48	SEK	9,09	-13 158,15	607612861 	
	2018-11-02	KÖPT	GE	30	9,10	-2 482,87	SEK	9,06	-10 634,67	607609882 	
	2018-11-02	KÖPT	GE	30	9,25	-2 523,65	SEK	9,06	-8 151,80	607609872 	
	2018-11-02	KÖPT	GE	30	9,31	-2 538,20	SEK	9,06	-5 628,15	607609661 	
	2018-11-02	KÖPT	GE	25	9,40	-2 137,04	SEK	9,06	-3 089,95	607609438 	
	2018-11-02	KÖPT	GE	25	9,50	-2 159,68	SEK	9,06	-952,91	607609436 	
	2018-11-02	KÖPT	GE	25	9,61	-2 184,58	SEK	9,06	1 206,77	607609423 	
	2018-11-01	KÖPT	GE	25	9,55	-2 173,32	SEK	9,07	3 391,35	607497206 	
	2018-11-01	SÅLT	WDC	9	47,1101	3 818,12	SEK	9,03	5 564,67	607496540 	
	2018-11-01	KÖPT	GE	20	9,78	-1 783,68	SEK	9,07	1 746,55	607496451 	
	2018-11-01	KÖPT	GE	30	9,70	-2 646,98	SEK	9,07	3 530,23	607496214 	
	2018-11-01	KÖPT	GE	30	9,81	-2 676,89	SEK	9,07	6 177,21	607495744 	
	2018-11-01	KÖPT	GE	30	10,0181	-2 741,65	SEK	9,09	8 854,10	607494748 	
	2018-11-01	KÖPT	DAI	4	52,50	-2 183,18	SEK	10,35	11 595,75	607493254 	
	2018-11-01	KÖPT	SOF B	100	14,20	-1 424,00	SEK	1,00	13 778,93	607473723 	
	2018-11-01	KÖPT	SOF B	100	14,55	-1 459,00	SEK	1,00	15 202,93	607465738 	
	2018-10-31	KÖPT	GE	15	9,85	-1 368,57	SEK	9,20	16 661,93	607348016 	
	2018-10-30	KÖPT	GE	15	10,0981	-1 402,48	SEK	9,20	18 030,50	607206082 	
	2018-10-30	KÖPT	GE	15	10,01	-1 390,34	SEK	9,20	19 432,98	607205867 	
	2018-10-30	KÖPT	GE	15	10,00	-1 387,01	SEK	9,19	20 823,32	607205123 	
	2018-10-30	KÖPT	GE	15	10,10	-1 400,79	SEK	9,19	22 210,33	607204898 	
	2018-10-30	KÖPT	GE	15	10,19	-1 413,19	SEK	9,19	23 611,12	607204895 	
	2018-10-30	KÖPT	GE	15	10,25	-1 419,44	SEK	9,17	25 024,31	607203889 	
	2018-10-30	KÖPT	GE	15	10,50	-1 453,00	SEK	9,17	26 443,75	607203608 	
	2018-10-30	KÖPT	GE	15	10,70	-1 480,51	SEK	9,17	27 896,75	607202924 	
	2018-10-29	KÖPT	GE	14	11,00	-1 421,65	SEK	9,17	29 377,26	607050874 	
	2018-10-29	KÖPT	WDC	4	42,00	-1 549,29	SEK	9,17	30 798,91	607050277 	
	2018-10-29	KÖPT	WDC	5	43,2996	-1 990,54	SEK	9,15	32 348,20	607048551 	
	2018-10-29	SÅLT	FTR	30	4,94	1 342,81	SEK	9,12	34 338,74	607046204 	
	2018-10-29	SÅLT	CYH	40	3,0803	1 114,86	SEK	9,12	32 995,93	607046158 	
	2018-10-26	UTL KUPSKATT	GE	312	0,00	-51,22	SEK	1,00	31 881,07	 	
	2018-10-26	UTDELNING	GE	312	0,12	341,48	SEK	1,00	31 932,29	 	
	2018-10-26	KÖPT	GE	14	11,20	-1 444,04	SEK	9,15	31 590,81	606925801 	
	2018-10-26	KÖPT	FVE	200	0,70	-1 290,31	SEK	9,15	33 034,85	606925358 	
	2018-10-26	KÖPT	GE	14	11,30	-1 456,88	SEK	9,15	34 325,16	606925302 	
	2018-10-26	SÅLT	CYH	40	3,0503	1 100,99	SEK	9,10	35 782,04	606924998 	
	2018-10-26	KÖPT	GE	14	11,50	-1 486,77	SEK	9,18	34 681,05	606921911 	
	2018-10-26	KÖPT	GE	14	11,58	-1 496,40	SEK	9,17	36 167,82	606921260 	
	2018-10-26	KÖPT	GE	14	11,58	-1 496,40	SEK	9,17	37 664,22	606921259 	
	2018-10-25	KÖPT	FTR	30	4,59	-1 266,85	SEK	9,13	39 160,62	606780917 	
	2018-10-25	SÅLT	CYH	50	2,96	1 336,19	SEK	9,09	40 427,47	606780878 	
	2018-10-25	KÖPT	GE	13	11,7499	-1 405,03	SEK	9,14	39 091,28	606780798 	
	2018-10-25	KÖPT	GE	14	11,80	-1 519,41	SEK	9,14	40 496,31	606779299 	
	2018-10-25	KÖPT	GE	14	11,90	-1 531,61	SEK	9,14	42 015,72	606777805 	
	2018-10-25	KÖPT	GE	13	12,00	-1 433,93	SEK	9,13	43 547,33	606776569 	
	2018-10-25	SÅLT	GETI B	20	85,06	1 697,00	SEK	1,00	44 981,26	606765574 	
	2018-10-24	KÖPT	FTR	30	4,7381	-1 307,97	SEK	9,14	43 284,26	606650763 	
	2018-10-24	SÅLT	CYH	50	2,97	1 338,59	SEK	9,07	44 592,23	606649506 	
	2018-10-24	KÖPT	DB	14	10,15	-1 304,97	SEK	9,12	43 253,64	606649452 	
	2018-10-24	SÅLT	GE	12	12,80	1 384,41	SEK	9,07	44 558,61	606646385 	
	2018-10-23	KÖPT	GE	13	12,15	-1 442,96	SEK	9,08	43 174,20	606534315 	
	2018-10-23	KÖPT	GE	13	12,16	-1 444,14	SEK	9,08	44 617,16	606534314 	
	2018-10-22	KÖPT	GE	13	12,35	-1 457,34	SEK	9,02	46 061,30	606413916 	
	2018-10-22	KÖPT	GE	12	12,45	-1 356,03	SEK	9,02	47 518,64	606411454 	
	2018-10-19	KÖPT	FVE	150	0,75	-1 023,49	SEK	9,02	48 874,67	606320749 	
	2018-10-18	SÅLT	CYH	50	2,92	1 302,01	SEK	8,98	49 898,16	606211284 	
	2018-10-18	KÖPT	GETI B	20	76,00	-1 524,00	SEK	1,00	48 596,15	606185443 	
	2018-10-17	SÅLT	GE	12	12,5017	1 328,71	SEK	8,92	50 120,15	606110355 	
	2018-10-17	SÅLT	GE	12	12,45	1 323,62	SEK	8,92	48 791,44	606109418 	
	2018-10-16	SÅLT	CYH	50	2,81	1 239,00	SEK	8,88	47 467,82	605999333 	
	2018-10-16	SÅLT	FTR	27	5,5850	1 329,33	SEK	8,87	46 228,82	605996167 	
	2018-10-16	KÖPT	GE	13	12,10	-1 410,18	SEK	8,91	44 899,49	605993249 	
	2018-10-16	SÅLT	MQ	100	12,50	1 247,00	SEK	1,00	46 309,67	605952669 	
	2018-10-15	KÖPT	CYH	50	2,50	-1 131,21	SEK	8,98	45 062,67	605859845 	
	2018-10-15	KÖPT	FTR	30	5,30	-1 436,79	SEK	8,98	46 193,88	605858815 	
	2018-10-12	KÖPT	GE	14	12,20	-1 544,38	SEK	8,99	47 630,67	605751301 	
	2018-10-12	KÖPT	DB	15	10,76	-1 459,88	SEK	8,99	49 175,05	605751187 	
	2018-10-12	KÖPT	CYH	60	2,5896	-1 405,76	SEK	8,99	50 634,93	605751122 	
	2018-10-12	KÖPT	FTR	25	5,5096	-1 247,19	SEK	8,99	52 040,69	605751102 	
	2018-10-12	KÖPT	GE	13	12,26	-1 441,72	SEK	8,99	53 287,88	605751050 	
	2018-10-12	KÖPT	GE	13	12,29	-1 445,22	SEK	8,99	54 729,60	605751049 	
	2018-10-12	KÖPT	GE	13	12,30	-1 447,27	SEK	8,99	56 174,82	605750791 	
	2018-10-12	KÖPT	FTR	25	5,80	-1 313,32	SEK	9,00	57 622,09	605748262 	
	2018-10-12	KÖPT	GE	12	12,50	-1 356,96	SEK	8,99	58 935,41	605747203 	
	2018-10-11	KÖPT	GE	12	12,70	-1 381,40	SEK	9,01	60 292,37	605634892 	
	2018-10-11	KÖPT	GE	13	12,85	-1 517,21	SEK	9,03	61 673,77	605632708 	
	2018-10-11	KÖPT	MQ	100	12,00	-1 203,00	SEK	1,00	63 190,98	605537323 	
	2018-10-09	SÅLT	GE	12	13,70	1 488,25	SEK	9,11	64 393,98	605318547 	
	2018-10-09	SÅLT	MQ	100	13,20	1 317,00	SEK	1,00	62 905,73	605269385 	
	2018-10-08	SÅLT	GE	12	13,60	1 476,02	SEK	9,10	61 588,73	605203456 	
	2018-10-08	SÅLT	GE	12	13,50	1 465,10	SEK	9,10	60 112,71	605203221 	
	2018-10-08	SÅLT	GE	12	13,50	1 465,10	SEK	9,10	58 647,61	605203183 	
	2018-10-05	SÅLT	SDRL	3	24,58	657,75	SEK	9,04	57 182,51	605082281 	
	2018-10-05	SÅLT	GE	13	13,18	1 540,25	SEK	9,04	56 524,76	605082194 	
	2018-10-05	SÅLT	GE	12	13,17	1 419,99	SEK	9,04	54 984,51	605082193 	
	2018-10-05	SÅLT	GE	12	13,1410	1 416,60	SEK	9,04	53 564,52	605079727 	
	2018-10-05	SÅLT	GE	13	13,20	1 541,07	SEK	9,03	52 147,92	605078054 	
	2018-10-05	SÅLT	GE	12	12,92	1 391,49	SEK	9,03	50 606,85	605078048 	
	2018-10-05	SÅLT	GE	13	12,92	1 508,19	SEK	9,03	49 215,36	605078047 	
	2018-10-05	KÖPT	MQ	100	12,50	-1 253,00	SEK	1,00	47 707,17	605042789 	
	2018-10-05	KÖPT	MQ	100	12,44	-1 247,00	SEK	1,00	48 960,17	605042564 	
	2018-10-04	SÅLT	GE	12	12,64	1 361,57	SEK	9,04	50 207,17	604873035 	
	2018-10-04	SÅLT	GE	13	12,64	1 475,79	SEK	9,04	48 845,60	604873034 	
	2018-10-04	SÅLT	FTR	25	7,13	1 601,61	SEK	9,04	47 369,81	604871729 	
	2018-10-04	SÅLT	GE	13	12,47	1 455,77	SEK	9,04	45 768,20	604871623 	
	2018-10-04	KÖPT	MQ	100	12,46	-1 249,00	SEK	1,00	44 312,43	604808522 	
	2018-10-03	SÅLT	GE	12	12,5503	1 347,53	SEK	9,01	45 561,43	604723087 	
	2018-10-03	SÅLT	GE	12	12,60	1 352,52	SEK	9,00	44 213,90	604723083 	
	2018-10-03	KÖPT	CYH	50	2,72	-1 240,33	SEK	9,05	42 861,38	604722392 	
	2018-10-03	SÅLT	GE	12	12,4950	1 341,77	SEK	9,01	44 101,71	604722377 	
	2018-10-02	KÖPT	CYH	40	3,03	-1 102,65	SEK	9,02	42 759,94	604576746 	
	2018-10-02	SÅLT	GE	13	12,41	1 439,50	SEK	8,98	43 862,59	604576396 	
	2018-10-01	KÖPT	GE	14	12,06	-1 523,51	SEK	8,97	42 423,09	604436953